ID	Name	Level	LevelRate	Exp	ExpType	Life	LifeReplenish	Mana	ManaReplenish	Attack	Hit	Duck	Armor	Critical	DeCritical	IgnoreDef	WalkSpeed	RunSpeed	AIMode
ID	名字	等级		经验		最大生命值	生命回复速度	最大魔法值	魔法回复速度	攻击	命中	闪避	防御	暴击	抗暴				
1	固定对话npc	60	1	0	1	100000	100000	100000	100000	1	10000	0	0				0	0	0
2	透明目标+自杀（低血量）	1	1	2	1	1	0	86	0	1	10000	1	0		1000		15	15	1
3	恶魔将军	1	1	2	1	1000	0	86	0	10	10000	1	0		1000		15	15	1
4	二郎神	1	1	2	1	900000	0	86	0	60000	10000	1	0		1000		20	20	1
5	透明目标+自杀（高血量）	1	1	2	1	140000	0	86	0	1	10000	1	0		1000		15	15	1
10	新手村魔兵	1	1	2	1	140	0	17	0	2	10000	0	0		1000		15	15	1
11	新手村天兵	1	1	2	1	300	0	10	0	1	10000	125	0				15	15	1
12	新手村小鬼	1	1	2	1	130	0	17	0	2	10000	1	0		1000		15	15	1
13	新手村中鬼	2	1	2	1	260	0	17	0	3	10000	1	0		1000		15	15	1
14	新手村黑脸鬼	3	1	2	1	800	0	86	0	10	10000	1	0		1000		15	15	1
15	新手村白脸鬼	3	1	2	1	800	0	86	0	10	10000	1	0		1000		15	15	1
16	新手村鱼怪	3	1	2	1	80	0	86	0	2	10000	1	0		1000		15	15	1
17	新手村鱼怪（中）	4	1	4	1	160	0	86	0	5	10000	1	0		1000		15	15	1
18	新手村三太子	5	1	2	1	3200	0	86	0	10	10000	1	0		1000		0	0	1
19	新手村三太子(龙)	5	1	50	1	5000	0	86	0	20	10000	1	0		1000		0	0	1
20	冰雹技能	1	1	2	1	2000	0	500	0	8	10000	125	0				12	12	1
21	内丹	1	1	2	1	1	0	478	0	180	10000	125	0				23	23	1
22	新手村水妖	4	1	2	1	280	0	86	0	2	10000	1	0		1000		15	15	1
23	新手村鱼怪	3	1	2	1	120	0	86	0	2	10000	1	0		1000		15	15	1
24	河妖(白天)	6	1	2	1	800	0	86	0	16	10000	1	0		1000		15	15	1
25	河怪（白天）	6	1	2	1	800	0	86	0	16	10000	1	0		1000		15	15	1
26	强盗（用在城门口）	8	1	2	1	980	0	86	0	14	10000	1	0		1000		15	15	1
27	河妖（黑夜）	6	1	2	1	500	0	86	0	18	10000	1	0		1000		15	15	1
28	河怪（黑夜）	6	1	2	1	600	0	86	0	18	10000	1	0		1000		15	15	1
29	大河怪（黑夜）	7	1	50	1	8000	0	86	0	140	10000	1	0		1000		15	15	1
30	闪电(城镇要道)(这个改要慎重)	1	1	2	1	1	0	86	0	500	10000	1	0		1000		15	15	1
31	怪盗小李	8	1	2	1	390	0	86	0	50	10000	1	0		1000		23	23	1
32	强盗	8	1	2	1	990	0	86	0	14	10000	1	0		1000		15	15	1
33	正义小白脸	1	1	2	1	1	0	500	0	5	10000	125	0				16	16	1
34	大当家	9	1	100	1	9000	0	86	0	60	10000	1	0		1000		15	15	1
35	二当家	8	1	50	1	1600	0	86	0	30	10000	0	0		1000		15	15	1
36	三当家	8	1	50	1	1600	0	86	0	30	10000	0	0		1000		15	15	1
37	巨石(吊桥)	1	1	4	1	1	0	86	0	200	10000	1	0		1000		15	15	1
38	狂暴熊精（山路）	11	1	4	1	2000	0	86	0	80	10000	1	0		1000		15	15	1
39	西域飞龙（吊桥）	14	1	4	1	14000	0	86	0	100	10000	1	0		1000		0	0	1
40	熊精（山路）	11	1	4	1	900	0	86	0	30	10000	1	0		1000		15	15	1
41	年兽（年兽山洞）	10	1	100	1	10000	0	86	0	70	10000	1	0		1000		15	15	1
42	年兽分身（年兽山洞）	10	1	4	1	800	0	86	0	70	10000	1	0		1000		15	15	1
43	蜘蛛苍蝇（稻田）	12	1	4	1	1200	0	86	0	50	10000	1	0		1000		15	15	1
44	红孩儿（火焰山）	17	1	100	1	20000	0	86	0	130	10000	1	0		1000		15	15	1
45	战斗树精（火焰山）	1	1	4	1	10000	0	86	0	2400	10000	1	0		1000		0	0	1
46	熔岩怪（火焰山）	16	1	4	1	2500	0	86	0	65	10000	1	0		1000		15	15	1
47	超级熔岩怪（火焰山）	17	1	4	1	4500	0	86	0	70	10000	1	0		1000		15	15	1
48	冰冻树精（火焰山）	1	1	4	1	10000	0	86	0	1	10000	1	0		1000		0	0	1
49	巨灵神（大闹天宫）	19	1	50	1	17000	0	86	0	80	10000	1	0		1000		15	15	1
50	天兵（大闹天宫）	19	1	4	1	1500	0	86	0	20	10000	1	0		1000		15	15	1
51	哪咤（大闹天宫）	19	1	50	1	23000	0	86	0	80	10000	1	0		1000		15	15	1
52	二郎神（大闹天宫）	19	1	50	1	38000	0	86	0	140	10000	1	0		1000		15	15	1
53	哮天犬（大闹天宫）	19	1	4	1	3000	0	86	0	130	10000	1	0		1000		15	15	1
54	哮天犬儿子（大闹天宫）	19	1	4	1	500	0	86	0	20	10000	1	0		1000		15	15	1
55	孙悟空（大闹天宫）	19	1	4	1	100000	0	86	0	6000	10000	1	0		1000		15	15	1
56	天兵（大闹天宫多点血）	19	1	4	1	1800	0	86	0	10	10000	1	0		1000		15	15	1
60	偷桃鸟（蟠桃树前）	21	1	5	1	800	0	86	0	160	10000	1	0		1000		10	10	1
60	偷桃鸟（蟠桃树前）(困)	26	1	10	1	6100	0	86	0	190	10000	1	0		1000		10	10	1
61	偷桃鸟人（蟠桃树前）	21	1	5	1	1800	0	86	0	140	10000	1	0		1000		10	10	1
61	偷桃鸟人（蟠桃树前）（困）	26	1	10	1	10500	0	86	0	230	10000	1	0		1000		10	10	1
65	近攻猕猴（蟠桃树后）	22	1	5	1	1500	0	86	0	130	10000	1	0		1000		10	10	1
65	近攻猕猴（蟠桃树后）（困）	26	1	10	1	8000	0	86	0	250	10000	1	0		1000		10	10	1
66	远攻猕猴（蟠桃树后）	22	1	5	1	1500	0	86	0	160	10000	1	0		1000		10	10	1
66	远攻猕猴（蟠桃树后）（困）	26	1	10	1	10000	0	86	0	330	10000	1	0		1000		10	10	1
70	火焰猕猴（花果山）	23	1	5	1	4000	0	86	0	80	10000	1	0		1000		8	8	1
70	火焰猕猴（花果山）（困）	26	1	10	1	6000	0	86	0	280	10000	1	0		1000		8	8	1
71	大眼猕猴（花果山）	23	1	5	1	2200	0	86	0	100	10000	1	0		1000		9	9	1
71	大眼猕猴（花果山）（困）	26	1	10	1	12000	0	86	0	280	10000	1	0		1000		9	9	1
72	猕猴祭司（花果山）	23	1	5	1	14000	0	86	0	200	10000	1	0		1000		9	9	1
72	猕猴祭司（花果山）（困）	26	1	10	1	60000	0	86	0	850	10000	1	0		1000		9	9	1
73	猕猴法师（花果山）	23	1	5	1	2200	0	86	0	100	10000	1	0		1000		9	9	1
73	猕猴法师（花果山）（困）	26	1	10	1	14000	0	86	0	550	10000	1	0		1000		9	9	1
75	巨石(巨人来袭)	1	1	5	1	900000	0	86	0	1000000	10000	1	0		1000		15	15	1
76	巨人侏儒(巨人来袭)	24	1	5	1	30000	0	86	0	480	10000	1	0		1000		15	15	1
76	巨人侏儒(巨人来袭)(困)	26	1	10	1	110000	0	86	0	1190	10000	1	0	100	1000		20	20	1
77	奴隶(巨人来袭)	24	1	5	1	4000	0	86	0	150	10000	1	0		1000		15	15	1
77	奴隶(巨人来袭)（困）	26	1	10	1	10000	0	86	0	300	10000	1	0		1000		20	20	1
78	牛兵（小人国）	25	1	5	1	2000	0	86	0	100	10000	1	0		1000		15	15	1
78	牛兵（小人国）(困)	26	1	10	1	10000	0	86	0	320	10000	1	0		1000		20	20	1
79	邪恶牛兵（小人国）	25	1	5	1	9500	0	86	0	110	10000	1	0		1000		15	15	1
79	邪恶牛兵（小人国）（困）	26	1	10	1	35000	0	86	0	600	10000	1	0		1000		20	20	1
80	邪化牛魔王（牛魔王洞2）	26	1	5	1	45000	0	86	0	680	10000	1	0		1000		10	10	1
80	邪化牛魔王（牛魔王洞2）（困）	25	1	10	1	130000	0	86	0	2080	10000	1	0		1000		20	20	1
81	邪恶牛兵（牛魔王洞2）	26	1	5	1	4000	0	86	0	110	10000	1	0		1000		10	10	1
81	邪恶牛兵（牛魔王洞2）（困）	25	1	10	1	12000	0	86	0	290	10000	1	0		1000		20	20	1
82	邪恶牛兵团长（牛魔王洞2）	26	1	5	1	8500	0	86	0	130	10000	1	0		1000		10	10	1
82	邪恶牛兵团长（牛魔王洞2）（困）	25	1	10	1	17000	0	86	0	320	10000	1	0		1000		20	20	1
83	巨人（复仇巨人）	29	1	5	1	65000	0	86	0	2300	10000	1	0		1000		0	0	1
83	巨人（复仇巨人）（困）	26	1	10	1	190000	0	86	0	4300	10000	1	0		1000		0	0	1
84	旋风	1	1	5	1	2400	0	86	0	10	10000	1	0		1000		14	14	1
84	旋风（困）	26	1	10	1	5400	0	86	0	200	10000	1	0		1000		14	14	1
85	魔兵（复仇巨人）	29	1	5	1	2500	0	86	0	220	10000	1	0		1000		12	12	1
85	魔兵（复仇巨人）（困）	26	1	10	1	15000	0	86	0	480	10000	1	0		1000		12	12	1
86	天兵（复仇巨人）（站打）	29	1	50	1	100000	0	86	0	1	10000	1	0		1000		12	12	1
87	年兽（年兽山洞）	10	1	50	1	1000	0	86	0	50	10000	1	0		1000		12	12	1
88	蛤蟆（稻田）	12	1	50	1	9000	0	86	0	90	10000	1	0		1000		15	15	1
89	牛魔王（牛魔王洞1）	15	1	5	1	25000	0	86	0	120	10000	1	0		1000		10	10	1
90	牛兵守卫（牛魔王洞1）	14	1	5	1	1500	0	86	0	45	10000	1	0		1000		10	10	1
91	牛兵团长（牛魔王洞1）	14	1	5	1	3000	0	86	0	60	10000	1	0		1000		10	10	1
92	空虚公子（决斗山崖）	16	1	50	1	15000	0	86	0	130	10000	1	0		1000		10	10	1
93	天残脚（决斗山崖）	16	1	50	1	20000	0	86	0	120	10000	1	0		1000		10	10	1
94	江湖人士（决斗山崖）	15	1	5	1	2500	0	86	0	70	10000	1	0		1000		10	10	1
95	狂暴熊精（吊桥）	14	1	5	1	2200	0	86	0	80	10000	1	0		1000		15	15	1
100	鱼怪（深海小道）	28	1	5	1	1000	0	86	0	250	10000	1	0		1000		15	15	1
100	鱼怪（深海小道）（困）	26	1	10	1	4000	0	86	0	350	10000	1	0		1000		15	15	1
101	鱼怪恶霸（深海小道）	28	1	5	1	15000	0	86	0	380	10000	1	0		1000		15	15	1
101	鱼怪恶霸（深海小道）（困）	26	1	10	1	80000	0	86	0	1500	10000	1	0		1000		20	20	1
102	新手村鱼怪（大）	4	1	4	1	350	0	86	0	3	10000	1	0		1000		15	15	1
105	钓鱼翁（池塘）	30	1	5	1	4000	0	86	0	130	10000	1	0		1000		15	15	1
105	钓鱼翁（池塘）（困）	26	1	10	1	25000	0	86	0	530	10000	1	0		1000		15	15	1
106	超猛钓鱼翁（池塘）	30	1	5	1	50000	0	86	0	530	10000	1	0		1000		15	15	1
106	超猛钓鱼翁（池塘）（困）	26	1	10	1	210000	0	86	0	3100	10000	1	0		1000		20	20	1
110	天香羚（天香崖）	31	1	5	1	4000	0	86	0	130	10000	1	0		1000		15	15	1
110	天香羚（天香崖）（困）	26	1	10	1	15000	0	86	0	630	10000	1	0		1000		20	20	1
111	巨型天香羚（天香崖）	31	1	5	1	20000	0	86	0	600	10000	1	0		1000		15	15	1
111	巨型天香羚（天香崖）（困）	26	1	10	1	60000	0	86	0	1000	10000	1	0		1000		20	20	1
115	百年老妖（神秘盆地1）	32	1	5	1	8000	0	86	0	230	10000	1	0		1000		15	15	1
115	百年老妖（神秘盆地1）（困）	26	1	10	1	30000	0	86	0	680	10000	1	0		1000		20	20	1
116	精英百年老妖（神秘盆地1）	32	1	5	1	14000	0	86	0	490	10000	1	0		1000		15	15	1
116	精英百年老妖（神秘盆地1）（困）	26	1	10	1	68000	0	86	0	1500	10000	1	0		1000		20	20	1
120	百年老妖（神秘盆地2）	33	1	5	1	8000	0	86	0	230	10000	1	0		1000		15	15	1
120	百年老妖（神秘盆地2）（困）	26	1	10	1	22000	0	86	0	730	10000	1	0		1000		20	20	1
121	千年老妖（神秘盆地2）	33	1	5	1	40000	0	86	0	1300	10000	1	0		1000		15	15	1
121	千年老妖（神秘盆地2）（困）	26	1	10	1	360000	0	86	0	4300	10000	1	0		1000		20	20	1
123	老树精（树精林）	35	1	5	1	12000	0	86	0	200	10000	1	0		1000		15	15	1
123	老树精（树精林）（困）	26	1	10	1	32000	0	86	0	1400	10000	1	0		1000		20	20	1
124	老树妖（树精林）	35	1	5	1	40000	0	86	0	1200	10000	1	0		1000		15	15	1
124	老树妖（树精林）（困）	26	1	10	1	420000	0	86	0	5400	10000	1	0		1000		20	20	1
126	螃蟹精（海边）	36	1	5	1	12000	0	86	0	200	10000	1	0		1000		15	15	1
126	螃蟹精（海边）（困）	26	1	10	1	32000	0	86	0	500	10000	1	0		1000		20	20	1
127	大螃蟹精（海边）	36	1	5	1	50000	0	86	0	1200	10000	1	0		1000		15	15	1
127	大螃蟹精（海边）（困）	26	1	10	1	450000	0	86	0	5900	10000	1	0		1000		20	20	1
129	狐狸（小庙）	37	1	5	1	12000	0	86	0	200	10000	1	0		1000		15	15	1
129	狐狸（小庙）（困）	26	1	10	1	42000	0	86	0	500	10000	1	0		1000		20	20	1
130	狐狸精（小庙）	37	1	5	1	40000	0	86	0	1400	10000	1	0		1000		15	15	1
130	狐狸精（小庙）（困）	26	1	10	1	490000	0	86	0	6900	10000	1	0		1000		20	20	1
131	鼓灵童（降雷台）	38	1	5	1	12000	0	86	0	200	10000	1	0		1000		15	15	1
131	鼓灵童（降雷台）（困）	26	1	10	1	42000	0	86	0	800	10000	1	0		1000		20	20	1
132	大鼓灵童（降雷台）	38	1	5	1	32000	0	86	0	1800	10000	1	0		1000		15	15	1
132	大鼓灵童（降雷台）（困）	26	1	10	1	472000	0	86	0	6900	10000	1	0		1000		20	20	1
138	螃蟹精（东海海边）	40	1	50	1	24000	0	86	0	1200	10000	1	0		1000		15	15	1
138	螃蟹精（东海海边）（困）	26	1	100	1	39000	0	86	0	3000	10000	1	0		1000		20	20	1
139	大螃蟹精（东海海边）	40	1	50	1	80000	0	86	0	3000	10000	1	0		1000		15	15	1
139	大螃蟹精（东海海边）（困）	26	1	100	1	300000	0	86	0	5500	10000	1	0		1000		20	20	1
140	精卫	40	1	10	1	500000	0	86	0	8000	10000	1	0		1000		20	20	1
141	仙草灵（仙草地）	41	1	50	1	24000	0	86	0	1200	10000	1	0		1000		15	15	1
141	仙草灵（仙草地）（困）	26	1	100	1	42000	0	86	0	3600	10000	1	0		1000		20	20	1
142	精英仙草灵（仙草地）	41	1	50	1	80000	0	86	0	5400	10000	1	0		1000		15	15	1
142	精英仙草灵（仙草地）（困）	26	1	100	1	350000	0	86	0	8000	10000	1	0		1000		20	20	1
143	僵尸兵（魔王营地1）	42	1	50	1	42000	0	86	0	1200	10000	1	0		1000		15	15	1
143	僵尸兵（魔王营地1）（困）	26	1	100	1	82000	0	86	0	3600	10000	1	0		1000		20	20	1
144	精英僵尸兵（魔王营地2）	42	1	50	1	140000	0	86	0	6000	10000	1	0		1000		15	15	1
144	精英僵尸兵（魔王营地2）（困）	26	1	100	1	550000	0	86	0	9700	10000	1	0		1000		20	20	1
145	魔王分身（魔王营地2）	43	1	50	1	60000	0	86	0	7000	10000	1	0		1000		15	15	1
145	魔王分身（魔王营地2）（困）	26	1	100	1	600000	0	86	0	10300	10000	1	0		1000		20	20	1
146	二郎神（受污泉眼1）	44	1	50	1	60000	0	86	0	6000	10000	1	0		1000		15	15	1
146	二郎神（受污泉眼1）（困）	26	1	100	1	300000	0	86	0	9000	10000	1	0		1000		20	20	1
147	哮天犬（受污泉眼1）	44	1	50	1	45000	0	86	0	2000	10000	1	0		1000		15	15	1
147	哮天犬（受污泉眼1）（困）	26	1	100	1	95000	0	86	0	4000	10000	1	0		1000		20	20	1
148	孙悟空（受污泉眼1）	44	1	50	1	60000	0	86	0	6000	10000	1	0		1000		15	15	1
148	孙悟空（受污泉眼1）（困）	26	1	100	1	600000	0	86	0	12000	10000	1	0		1000		20	20	1
149	大眼猴（受污泉眼1）	44	1	50	1	45000	0	86	0	2000	10000	1	0		1000		15	15	1
149	大眼猴（受污泉眼1）（困）	26	1	100	1	95000	0	86	0	4000	10000	1	0		1000		20	20	1
150	怨灵（受污泉眼2）	45	1	50	1	120000	0	86	0	5000	10000	1	0		1000		15	15	1
150	怨灵（受污泉眼2）（困）	26	1	100	1	350000	0	86	0	12500	10000	1	0		1000		20	20	1
151	尸鬼王（受污泉眼2）	45	1	50	1	120000	0	86	0	5000	10000	1	0		1000		15	15	1
151	尸鬼王（受污泉眼2）（困）	26	1	100	1	950000	0	86	0	9500	10000	1	0		1000		20	20	1
152	阿婆（受污泉眼2）	45	1	50	1	5000	0	86	0	1	10000	1	0		1000		10	10	1
153	熔岩魔兵（炎热之地）	46	1	100	1	15000	0	86	0	3000	10000	1	0		1000		15	15	1
153	熔岩魔兵（炎热之地）（困）	46	1	50	1	60000	0	86	0	5000	10000	1	0		1000		15	15	1
154	熔岩刀兵（炎热之地）	26	1	100	1	165000	0	86	0	5000	10000	1	0		1000		20	20	1
154	熔岩刀兵（炎热之地）（困）	26	1	50	1	700000	0	86	0	9500	10000	1	0		1000		20	20	1
155	熔岩将军（炎热之路）	47	1	100	1	500000	0	86	0	5000	10000	1	0		1000		15	15	1
155	熔岩将军（炎热之路）（困）	26	1	50	1	800000	0	86	0	9500	10000	1	0		1000		20	20	1
156	徐福（炎热之路）	47	1	100	1	500000	0	86	0	300	10000	1	0		1000		20	20	1
160	喜酒蝇（酒仙泉）	50	1	50	1	25000	0	86	0	3000	10000	1	0		1000		15	15	1
160	喜酒蝇（酒仙泉）（困）	26	1	100	1	75000	0	86	0	6200	10000	1	0		1000		20	20	1
161	大喜酒蝇（酒仙泉）	50	1	50	1	35000	0	86	0	3000	10000	1	0		1000		15	15	1
161	大喜酒蝇（酒仙泉）（困）	26	1	100	1	805000	0	86	0	8000	10000	1	0		1000		20	20	1
162	大喜酒蛙（酒仙泉）	50	1	50	1	35000	0	86	0	3000	10000	1	0		1000		15	15	1
162	大喜酒蛙（酒仙泉）（困）	26	1	100	1	705000	0	86	0	10000	10000	1	0		1000		20	20	1
165	强盗（营地）	51	1	50	1	18000	0	86	0	4000	10000	1	0		1000		15	15	1
165	强盗（营地）（困）	26	1	100	1	70000	0	86	0	8000	10000	1	0		1000		20	20	1
166	强盗（营地）	51	1	50	1	18000	0	86	0	4000	10000	1	0		1000		15	15	1
166	强盗（营地）（困）	26	1	100	1	70000	0	86	0	8000	10000	1	0		1000		20	20	1
167	大强盗（营地）	51	1	50	1	60000	0	86	0	5000	10000	1	0		1000		15	15	1
167	大强盗（营地）（困）	26	1	100	1	120000	0	86	0	10000	10000	1	0		1000		20	20	1
168	首领（营地）	51	1	50	1	200000	0	86	0	8000	10000	1	0		1000		15	15	1
168	首领（营地）（困）	26	1	100	1	900000	0	86	0	15000	10000	1	0		1000		20	20	1
170	机关人（机关城1层）	52	1	50	1	60000	0	86	0	4000	10000	1	0		1000		15	15	1
170	机关人（机关城1层）（困）	26	1	100	1	176000	0	86	0	8000	10000	1	0		1000		20	20	1
171	机关兽（机关城1层）	52	1	50	1	180000	0	86	0	6000	10000	1	0		1000		15	15	1
171	机关兽（机关城1层）（困）	26	1	100	1	950000	0	86	0	12000	10000	1	0		1000		20	20	1
172	机关（机关城1层）	52	1	50	1	60000	0	86	0	200	10000	1	0		1000		15	15	1
172	机关（机关城1层）（困）	26	1	100	1	60000	0	86	0	1000	10000	1	0		1000		20	20	1
173	火球（机关城1层）	52	1	50	1	30000	0	86	0	12000	10000	1	0		1000		15	15	1
173	火球（机关城1层）（困）	26	1	100	1	30000	0	86	0	25000	10000	1	0		1000		20	20	1
175	机关人（机关城2层）	53	1	50	1	60000	0	86	0	4000	10000	1	0		1000		15	15	1
175	机关人（机关城2层）（困）	26	1	100	1	176000	0	86	0	8000	10000	1	0		1000		20	20	1
176	机关兽（机关城2层）	53	1	50	1	180000	0	86	0	6000	10000	1	0		1000		15	15	1
176	机关兽（机关城2层）（困）	26	1	100	1	950000	0	86	0	12000	10000	1	0		1000		20	20	1
177	超级机关兽（机关城2层）	53	1	50	1	300000	0	86	0	8000	10000	1	0		1000		15	15	1
177	超级机关兽（机关城2层）（困）	26	1	100	1	1480000	0	86	0	15000	10000	1	0		1000		20	20	1
178	机关邪童（机关城2层）	53	1	50	1	500000	0	86	0	12500	10000	1	0		1000		15	15	1
178	机关邪童（机关城2层）（困）	26	1	100	1	2050000	0	86	0	20000	10000	1	0		1000		20	20	1
180	熔岩刀将（万魔城外）	55	1	50	1	60000	0	86	0	700	10000	1	0		1000		15	15	1
180	熔岩刀将（万魔城外）（困）	26	1	100	1	120000	0	86	0	800	10000	1	0		1000		20	20	1
181	魔兵刀将（万魔城外）	55	1	50	1	20000	0	86	0	700	10000	1	0		1000		15	15	1
181	魔兵刀将（万魔城外）（困）	26	1	100	1	150000	0	86	0	1000	10000	1	0		1000		20	20	1
182	魔兵弓将（万魔城外）	55	1	50	1	30000	0	86	0	700	10000	1	0		1000		15	15	1
182	魔兵弓将（万魔城外）（困）	26	1	100	1	150000	0	86	0	1200	10000	1	0		1000		20	20	1
183	左右魔将军（万魔城外）	55	1	50	1	250000	0	86	0	2000	10000	1	0		1000		15	15	1
183	左右魔将军（万魔城外）（困）	26	1	100	1	900000	0	86	0	8000	10000	1	0		1000		20	20	1
185	幽灵（万魔城桥）	56	1	50	1	60000	0	86	0	7000	10000	1	0		1000		15	15	1
185	幽灵（万魔城桥）（困）	26	1	100	1	80000	0	86	0	9000	10000	1	0		1000		20	20	1
186	恶灵（万魔城桥）	56	1	50	1	60000	0	86	0	7000	10000	1	0		1000		15	15	1
186	恶灵（万魔城桥）（困）	26	1	100	1	90000	0	86	0	10000	10000	1	0		1000		20	20	1
187	怨灵（万魔城桥）	56	1	50	1	100000	0	86	0	7000	10000	1	0		1000		15	15	1
187	怨灵（万魔城桥）（困）	26	1	100	1	150000	0	86	0	15000	10000	1	0		1000		20	20	1
188	徐福（万魔城桥）	56	1	50	1	600000	0	86	0	15000	10000	1	0		1000		15	15	1
188	徐福（万魔城桥）（困）	26	1	100	1	3100000	0	86	0	31000	10000	1	0		1000		20	20	1
190	符令僵王（万魔城）	57	1	50	1	150000	0	86	0	7000	10000	1	0		1000		15	15	1
190	符令僵王（万魔城）（困）	26	1	100	1	190000	0	86	0	10000	10000	1	0		1000		20	20	1
191	千年老妖（万魔城）	57	1	50	1	170000	0	86	0	7000	10000	1	0		1000		15	15	1
191	千年老妖（万魔城）（困）	26	1	100	1	210000	0	86	0	10000	10000	1	0		1000		20	20	1
192	机关邪童（万魔城）	57	1	50	1	280000	0	86	0	7000	10000	1	0		1000		15	15	1
192	机关邪童（万魔城）（困）	26	1	100	1	430000	0	86	0	15000	10000	1	0		1000		20	20	1
193	大魔将（万魔城）	57	1	50	1	600000	0	86	0	20000	10000	1	0		1000		15	15	1
193	大魔将（万魔城）（困）	26	1	100	1	3200000	0	86	0	33000	10000	1	0		1000		20	20	1
195	大将军（万魔城顶）	59	1	50	1	1000000	0	86	0	24000	10000	1	0		1000		15	15	1
195	大将军（万魔城顶）（困）	26	1	100	1	5550000	0	86	0	44000	10000	1	0		1000		20	20	1
196	魔兵刀将（万魔城顶）	59	1	50	1	280000	0	86	0	7000	10000	1	0		1000		15	15	1
196	魔兵刀将（万魔城顶）（困）	26	1	100	1	570000	0	86	0	10000	10000	1	0		1000		20	20	1
500	伐魔塔-魔兵	12	1	180	1	3622.5				18	100				1000		10	10	1
501	伐魔塔-白脸鬼	13	1	195	1	3984.75				24	110				1000		10	10	1
502	伐魔塔-黑脸鬼	14	1	210	1	4226.25				30	120				1000		10	10	1
503	伐魔塔-鱼怪	15	1	225	1	5433.75				36	130				1000		10	10	1
504	伐魔塔-怪盗小李（5层）	16	1	480	1	56925				480	140		100		1000		30	30	1
505	伐魔塔-河妖	17	1	255	1	6641.25				176.4	150						10	10	1
506	伐魔塔-恶霸	18	1	270	1	7848.75				252	160				1000		10	10	1
507	伐魔塔-狂暴者	19	1	285	1	8452.5				277.2	170				1000		10	10	1
508	伐魔塔-强盗	20	1	300	1	9056.25				315	180				1000		10	10	1
509	伐魔塔-邪恶大土豪（10层）	21	1	630	1	75900				1890	190		200		1000		30	30	1
510	伐魔塔-毒虫	22	1	330	1	9660				504	200				1000		10	10	1
511	伐魔塔-熊精	23	1	345	1	9901.5				567	210				1000		10	10	1
512	伐魔塔-年兽	24	1	360	1	9901.5				630	220				1000		10	10	1
513	伐魔塔-毒蜘蛛	25	1	375	1	9901.5				819	230				1000		10	10	1
514	伐魔塔-牛魔王（15层）	26	1	780	1	107525				2520	240		300				30	30	1
515	伐魔塔-蟾蜍	27	1	405	1	10458				907.2	250						10	10	1
516	伐魔塔-怪盗小李	28	1	420	1	10458				972	260				1000		10	10	1
517	伐魔塔-牛兵	29	1	435	1	10458				1036.8	270				1000		10	10	1
518	伐魔塔-哮天犬	30	1	450	1	11340				1101.6	280				1000		10	10	1
519	伐魔塔-西域飞龙（20层）	31	1	930	1	171600				5184	290		500		1000		30	30	1
520	伐魔塔-黑老鸦	64	1	960	1	11970				1944	300				1000		10	10	1
521	伐魔塔-鸟人	65	1	975	1	12600				2008.8	310				1000		10	10	1
522	伐魔塔-猕猴	66	1	990	1	13230				2073.6	320				1000		10	10	1
523	伐魔塔-江湖人士	67	1	1005	1	13860				2138.4	330				1000		10	10	1
524	伐魔塔-大巨人 （25层）	68	1	2040	1	198000				5832	340		800		1000		30	30	1
525	伐魔塔-毒箭兵	69	1	1035	1	15093.75				2376	350				1000		10	10	1
526	伐魔塔-熔岩怪	70	1	1050	1	15750				2508	360				1000		10	10	1
527	伐魔塔-鬼魂	71	1	1065	1	16406.25				2640	370						10	10	1
528	伐魔塔-食人花	72	1	1080	1	17062.5				2772	380				1000		10	10	1
529	伐魔塔-右封印将军 （30层）	73	1	2190	1	275000				7260	390		1200		1000		30	30	1
530	伐魔塔-黑老鸦	74	1	1110	1	19687.5				3960	400				1000		10	10	1
531	伐魔塔-鸟人	75	1	1125	1	20343.75				4092	410				1000		10	10	1
532	伐魔塔-猕猴	76	1	1140	1	21000				4224	420				1000		10	10	1
533	伐魔塔-江湖人士	77	1	1155	1	21656.25				4356	430				1000		10	10	1
534	伐魔塔-大巨人 （35层）	78	1	2340	1	343750				7788	440		1800		1000		30	30	1
535	伐魔塔-毒箭兵	79	1	1185	1	23205				4830	450				1000		10	10	1
536	伐魔塔-熔岩怪	80	1	1200	1	23887.5				4968	460				1000		10	10	1
537	伐魔塔-鬼魂	81	1	1215	1	24570				5106	470				1000		10	10	1
538	伐魔塔-食人花	82	1	1230	1	25252.5				5244	480				1000		10	10	1
539	伐魔塔-<color=green>[BOSS]钓鱼翁	83	1	2490	1	421200				8694	490		2500		1000		30	30	1
540	伐魔塔-百年老妖	84	1	1260	1	26932.5				5522.4	500				1000		10	10	1
541	伐魔塔-鼓灵童	85	1	1275	1	27641.25				5664	510				1000		10	10	1
542	伐魔塔-螃蟹精	86	1	1290	1	28350				5805.6	520				1000		10	10	1
543	伐魔塔-僵尸兵	87	1	1305	1	29058.75				5947.2	530				1000		10	10	1
544	伐魔塔-<color=green>[精英]瘟癀魔将	88	1	2640	1	486000				9487.2	540		3000		1000		30	30	1
545	伐魔塔-大眼猴	89	1	1335	1	32340				6912	550				1000		10	10	1
546	伐魔塔-怨灵	90	1	1350	1	33810				7056	560				1000		10	10	1
547	伐魔塔-变种鳄龟	91	1	1365	1	35280				7200	570				1000		10	10	1
548	伐魔塔-激素熊精	92	1	1380	1	36750				7344	580				1000		10	10	1
549	伐魔塔-<color=green>[BOSS]大教主	93	1	2790	1	520800				12240	590		4000		1000		30	30	1
550	伐魔塔-蟾蜍	94	1	1410	1	40950				7800	600				1000		10	10	1
551	伐魔塔-怪盗小李	95	1	1425	1	40950				7875	610				1000		10	10	1
552	伐魔塔-毒虫	96	1	1440	1	40950				7950	620				1000		10	10	1
553	伐魔塔-牛兵	97	1	1455	1	44100				8025	630				1000		10	10	1
554	伐魔塔-<color=green>[精英]鞭妖	98	1	2940	1	742500				13500	640		6000		1000		30	30	1
555	伐魔塔-空虚公子	99	1	1485	1	60900				9900	650				1000		10	10	1
556	伐魔塔-天残脚	100	1	1500	1	60900				10080	660				1000		10	10	1
557	伐魔塔-冰玉米	101	1	1515	1	60900				10260	670				1000		10	10	1
558	伐魔塔-火玉米	102	1	1530	1	67200				10440	680				1000		10	10	1
559	伐魔塔-<color=green>[BOSS]傀儡	103	1	3090	1	945000				27000	690		8000		1000		30	30	1
600	守卫  世界boss	30	1	900	1	3000				50	10000				1000		30	30	1
600	守卫  世界boss	35	1	1050	1	3200				80	10000				1000		30	30	1
600	守卫  世界boss	40	1	1200	1	3400				110	10000				1000		30	30	1
600	守卫  世界boss	45	1	1350	1	3600				140	10000				1000		30	30	1
600	守卫  世界boss	50	1	1500	1	3800				170	10000				1000		30	30	1
600	守卫  世界boss	55	1	1650	1	4000				200	10000				1000		30	30	1
600	守卫  世界boss	60	1	1800	1	4200				230	10000				1000		30	30	1
600	守卫  世界boss	65	1	1950	1	4400				260	10000				1000		30	30	1
600	守卫  世界boss	70	1	2100	1	4600				290	10000				1000		30	30	1
601	圆月狂刀 世界boss	30	1	900	1	6000000				100	10000				1000		30	30	1
601	圆月狂刀 世界boss	35	1	1050	1	13000000				130	10000				1000		30	30	1
601	圆月狂刀 世界boss	40	1	1200	1	23000000				160	10000				1000		30	30	1
601	圆月狂刀 世界boss	45	1	1350	1	38000000				190	10000				1000		30	30	1
601	圆月狂刀 世界boss	50	1	1500	1	50000000				220	10000				1000		30	30	1
601	圆月狂刀 世界boss	55	1	1650	1	60000000				250	10000				1000		30	30	1
601	圆月狂刀 世界boss	60	1	1800	1	70000000				280	10000				1000		30	30	1
601	圆月狂刀 世界boss	65	1	1950	1	80000000				310	10000				1000		30	30	1
601	圆月狂刀 世界boss	70	1	2100	1	100000000				340	10000				1000		30	30	1
602	鲁大深 世界boss（主）	30	1	900	1	10000000				100	10000				1000		30	30	1
602	鲁大深 世界boss（主）	35	1	1050	1	20000000				130	10000				1000		30	30	1
602	鲁大深 世界boss（主）	40	1	1200	1	30000000				160	10000				1000		30	30	1
602	鲁大深 世界boss（主）	45	1	1350	1	45000000				190	10000				1000		30	30	1
602	鲁大深 世界boss（主）	50	1	1500	1	60000000				220	10000				1000		30	30	1
602	鲁大深 世界boss（主）	55	1	1650	1	80000000				250	10000				1000		30	30	1
602	鲁大深 世界boss（主）	60	1	1800	1	95000000				280	10000				1000		30	30	1
602	鲁大深 世界boss（主）	65	1	1950	1	110000000				310	10000				1000		30	30	1
602	鲁大深 世界boss（主）	70	1	2100	1	190000000				340	10000				1000		30	30	1
603	魔僧  世界boss	30	1	900	1	6000000				100	10000				1000		30	30	1
603	魔僧  世界boss	35	1	1050	1	13000000				130	10000				1000		30	30	1
603	魔僧  世界boss	40	1	1200	1	23000000				160	10000				1000		30	30	1
603	魔僧  世界boss	45	1	1350	1	38000000				190	10000				1000		30	30	1
603	魔僧  世界boss	50	1	1500	1	50000000				220	10000				1000		30	30	1
603	魔僧  世界boss	55	1	1650	1	60000000				250	10000				1000		30	30	1
603	魔僧  世界boss	60	1	1800	1	70000000				280	10000				1000		30	30	1
603	魔僧  世界boss	65	1	1950	1	80000000				310	10000				1000		30	30	1
603	魔僧  世界boss	70	1	2100	1	100000000				340	10000				1000		30	30	1
604	武痴  世界boss	30	1	900	1	6000000				100	10000				1000		30	30	1
604	武痴  世界boss	35	1	1050	1	13000000				130	10000				1000		30	30	1
604	武痴  世界boss	40	1	1200	1	23000000				160	10000				1000		30	30	1
604	武痴  世界boss	45	1	1350	1	38000000				190	10000				1000		30	30	1
604	武痴  世界boss	50	1	1500	1	50000000				220	10000				1000		30	30	1
604	武痴  世界boss	55	1	1650	1	60000000				250	10000				1000		30	30	1
604	武痴  世界boss	60	1	1800	1	70000000				280	10000				1000		30	30	1
604	武痴  世界boss	65	1	1950	1	80000000				310	10000				1000		30	30	1
604	武痴  世界boss	70	1	2100	1	100000000				340	10000				1000		30	30	1
605	神族基地	30	1	1	1	2000000	0	0	0	0	10000	0	0	0	1000		0	0	0
605	神族基地	35	1	1	1	3000000	0	0	0	0	10000	0	0	0	1000		0	0	0
605	神族基地	40	1	1	1	4000000	0	0	0	0	10000	0	0	0	1000		0	0	0
605	神族基地	45	1	1	1	5000000	0	0	0	0	10000	0	0	0	1000		0	0	0
605	神族基地	50	1	1	1	6000000	0	0	0	0	10000	0	0	0	1000		0	0	0
605	神族基地	55	1	1	1	8000000	0	0	0	0	10000	0	0	0	1000		0	0	0
605	神族基地	60	1	1	1	10000000	0	0	0	0	10000	0	0	0	1000		0	0	0
605	神族基地	65	1	1	1	10000000	0	0	0	0	10000	0	0	0	1000		0	0	0
605	神族基地	70	1	1	1	10000000	0	0	0	0	10000	0	0	0	1000		0	0	0
606	神族炮塔中1	30	1	1	1	200000	0	0	0	1000	10000	0	0	0	1000		0	0	1
606	神族炮塔中1	35	1	1	1	250000	0	0	0	1300	10000	0	0	0	1000		0	0	1
606	神族炮塔中1	40	1	1	1	300000	0	0	0	1600	10000	0	0	0	1000		0	0	1
606	神族炮塔中1	45	1	1	1	350000	0	0	0	1900	10000	0	0	0	1000		0	0	1
606	神族炮塔中1	50	1	1	1	400000	0	0	0	2200	10000	0	0	0	1000		0	0	1
606	神族炮塔中1	55	1	1	1	450000	0	0	0	2500	10000	0	0	0	1000		0	0	1
606	神族炮塔中1	60	1	1	1	500000	0	0	0	2800	10000	0	0	0	1000		0	0	1
606	神族炮塔中1	65	1	1	1	550000	0	0	0	3100	10000	0	0	0	1000		0	0	1
606	神族炮塔中1	70	1	1	1	600000	0	0	0	3400	10000	0	0	0	1000		0	0	1
607	神族炮塔中2	30	1	1	1	200000	0	0	0	1000	10000	0	0	0	1000		0	0	1
607	神族炮塔中2	35	1	1	1	250000	0	0	0	1300	10000	0	0	0	1000		0	0	1
607	神族炮塔中2	40	1	1	1	300000	0	0	0	1600	10000	0	0	0	1000		0	0	1
607	神族炮塔中2	45	1	1	1	350000	0	0	0	1900	10000	0	0	0	1000		0	0	1
607	神族炮塔中2	50	1	1	1	400000	0	0	0	2200	10000	0	0	0	1000		0	0	1
607	神族炮塔中2	55	1	1	1	450000	0	0	0	2500	10000	0	0	0	1000		0	0	1
607	神族炮塔中2	60	1	1	1	500000	0	0	0	2800	10000	0	0	0	1000		0	0	1
607	神族炮塔中2	65	1	1	1	550000	0	0	0	3100	10000	0	0	0	1000		0	0	1
607	神族炮塔中2	70	1	1	1	600000	0	0	0	3400	10000	0	0	0	1000		0	0	1
608	神族炮塔左1	30	1	1	1	200000	0	0	0	1000	10000	0	0	0	1000		0	0	1
608	神族炮塔左1	35	1	1	1	250000	0	0	0	1300	10000	0	0	0	1000		0	0	1
608	神族炮塔左1	40	1	1	1	300000	0	0	0	1600	10000	0	0	0	1000		0	0	1
608	神族炮塔左1	45	1	1	1	350000	0	0	0	1900	10000	0	0	0	1000		0	0	1
608	神族炮塔左1	50	1	1	1	400000	0	0	0	2200	10000	0	0	0	1000		0	0	1
608	神族炮塔左1	55	1	1	1	450000	0	0	0	2500	10000	0	0	0	1000		0	0	1
608	神族炮塔左1	60	1	1	1	500000	0	0	0	2800	10000	0	0	0	1000		0	0	1
608	神族炮塔左1	65	1	1	1	550000	0	0	0	3100	10000	0	0	0	1000		0	0	1
608	神族炮塔左1	70	1	1	1	600000	0	0	0	3400	10000	0	0	0	1000		0	0	1
609	神族炮塔左2	30	1	1	1	200000	0	0	0	1000	10000	0	0	0	1000		0	0	1
609	神族炮塔左2	35	1	1	1	250000	0	0	0	1300	10000	0	0	0	1000		0	0	1
609	神族炮塔左2	40	1	1	1	300000	0	0	0	1600	10000	0	0	0	1000		0	0	1
609	神族炮塔左2	45	1	1	1	350000	0	0	0	1900	10000	0	0	0	1000		0	0	1
609	神族炮塔左2	50	1	1	1	400000	0	0	0	2200	10000	0	0	0	1000		0	0	1
609	神族炮塔左2	55	1	1	1	450000	0	0	0	2500	10000	0	0	0	1000		0	0	1
609	神族炮塔左2	60	1	1	1	500000	0	0	0	2800	10000	0	0	0	1000		0	0	1
609	神族炮塔左2	65	1	1	1	550000	0	0	0	3100	10000	0	0	0	1000		0	0	1
609	神族炮塔左2	70	1	1	1	600000	0	0	0	3400	10000	0	0	0	1000		0	0	1
610	神族炮塔右1	30	1	1	1	200000	0	0	0	1000	10000	0	0	0	1000		0	0	1
610	神族炮塔右1	35	1	1	1	250000	0	0	0	1300	10000	0	0	0	1000		0	0	1
610	神族炮塔右1	40	1	1	1	300000	0	0	0	1600	10000	0	0	0	1000		0	0	1
610	神族炮塔右1	45	1	1	1	350000	0	0	0	1900	10000	0	0	0	1000		0	0	1
610	神族炮塔右1	50	1	1	1	400000	0	0	0	2200	10000	0	0	0	1000		0	0	1
610	神族炮塔右1	55	1	1	1	450000	0	0	0	2500	10000	0	0	0	1000		0	0	1
610	神族炮塔右1	60	1	1	1	500000	0	0	0	2800	10000	0	0	0	1000		0	0	1
610	神族炮塔右1	65	1	1	1	550000	0	0	0	3100	10000	0	0	0	1000		0	0	1
610	神族炮塔右1	70	1	1	1	600000	0	0	0	3400	10000	0	0	0	1000		0	0	1
611	神族炮塔右2	30	1	1	1	200000	0	0	0	1000	10000	0	0	0	1000		0	0	1
611	神族炮塔右2	35	1	1	1	250000	0	0	0	1300	10000	0	0	0	1000		0	0	1
611	神族炮塔右2	40	1	1	1	300000	0	0	0	1600	10000	0	0	0	1000		0	0	1
611	神族炮塔右2	45	1	1	1	350000	0	0	0	1900	10000	0	0	0	1000		0	0	1
611	神族炮塔右2	50	1	1	1	400000	0	0	0	2200	10000	0	0	0	1000		0	0	1
611	神族炮塔右2	55	1	1	1	450000	0	0	0	2500	10000	0	0	0	1000		0	0	1
611	神族炮塔右2	60	1	1	1	500000	0	0	0	2800	10000	0	0	0	1000		0	0	1
611	神族炮塔右2	65	1	1	1	550000	0	0	0	3100	10000	0	0	0	1000		0	0	1
611	神族炮塔右2	70	1	1	1	600000	0	0	0	3400	10000	0	0	0	1000		0	0	1
612	神族npc	30	1	1	1	15000	0	0	0	500	10000	0	0	0	1000		15	15	1
612	神族npc	35	1	1	1	40000	0	0	0	1000	10000	0	0	0	1000		15	15	1
612	神族npc	40	1	1	1	100000	0	0	0	1500	10000	0	0	0	1000		15	15	1
612	神族npc	45	1	1	1	160000	0	0	0	2000	10000	0	0	0	1000		15	15	1
612	神族npc	50	1	1	1	220000	0	0	0	2500	10000	0	0	0	1000		15	15	1
612	神族npc	55	1	1	1	220000	0	0	0	3000	10000	0	0	0	1000		15	15	1
612	神族npc	60	1	1	1	250000	0	0	0	3500	10000	0	0	0	1000		15	15	1
612	神族npc	65	1	1	1	250000	0	0	0	4000	10000	0	0	0	1000		15	15	1
612	神族npc	70	1	1	1	250000	0	0	0	4500	10000	0	0	0	1000		15	15	1
613	魔族基地	30	1	1	1	2000000	0	0	0	0	10000	0	0	0	1000		0	0	0
613	魔族基地	35	1	1	1	3000000	0	0	0	0	10000	0	0	0	1000		0	0	0
613	魔族基地	40	1	1	1	4000000	0	0	0	0	10000	0	0	0	1000		0	0	0
613	魔族基地	45	1	1	1	5000000	0	0	0	0	10000	0	0	0	1000		0	0	0
613	魔族基地	50	1	1	1	6000000	0	0	0	0	10000	0	0	0	1000		0	0	0
613	魔族基地	55	1	1	1	8000000	0	0	0	0	10000	0	0	0	1000		0	0	0
613	魔族基地	60	1	1	1	10000000	0	0	0	0	10000	0	0	0	1000		0	0	0
613	魔族基地	65	1	1	1	10000000	0	0	0	0	10000	0	0	0	1000		0	0	0
613	魔族基地	70	1	1	1	10000000	0	0	0	0	10000	0	0	0	1000		0	0	0
614	魔族炮塔中1	30	1	1	1	200000	0	0	0	1000	10000	0	0	0	1000		0	0	1
614	魔族炮塔中1	35	1	1	1	250000	0	0	0	1500	10000	0	0	0	1000		0	0	1
614	魔族炮塔中1	40	1	1	1	300000	0	0	0	2000	10000	0	0	0	1000		0	0	1
614	魔族炮塔中1	45	1	1	1	350000	0	0	0	2500	10000	0	0	0	1000		0	0	1
614	魔族炮塔中1	50	1	1	1	400000	0	0	0	3000	10000	0	0	0	1000		0	0	1
614	魔族炮塔中1	55	1	1	1	450000	0	0	0	3500	10000	0	0	0	1000		0	0	1
614	魔族炮塔中1	60	1	1	1	500000	0	0	0	4000	10000	0	0	0	1000		0	0	1
614	魔族炮塔中1	65	1	1	1	550000	0	0	0	4500	10000	0	0	0	1000		0	0	1
614	魔族炮塔中1	70	1	1	1	600000	0	0	0	5000	10000	0	0	0	1000		0	0	1
615	魔族炮塔中2	30	1	1	1	200000	0	0	0	1000	10000	0	0	0	1000		0	0	1
615	魔族炮塔中2	35	1	1	1	250000	0	0	0	1500	10000	0	0	0	1000		0	0	1
615	魔族炮塔中2	40	1	1	1	300000	0	0	0	2000	10000	0	0	0	1000		0	0	1
615	魔族炮塔中2	45	1	1	1	350000	0	0	0	2500	10000	0	0	0	1000		0	0	1
615	魔族炮塔中2	50	1	1	1	400000	0	0	0	3000	10000	0	0	0	1000		0	0	1
615	魔族炮塔中2	55	1	1	1	450000	0	0	0	3500	10000	0	0	0	1000		0	0	1
615	魔族炮塔中2	60	1	1	1	500000	0	0	0	4000	10000	0	0	0	1000		0	0	1
615	魔族炮塔中2	65	1	1	1	550000	0	0	0	4500	10000	0	0	0	1000		0	0	1
615	魔族炮塔中2	70	1	1	1	600000	0	0	0	5000	10000	0	0	0	1000		0	0	1
616	魔族炮塔左1	30	1	1	1	200000	0	0	0	1000	10000	0	0	0	1000		0	0	1
616	魔族炮塔左1	35	1	1	1	250000	0	0	0	1500	10000	0	0	0	1000		0	0	1
616	魔族炮塔左1	40	1	1	1	300000	0	0	0	2000	10000	0	0	0	1000		0	0	1
616	魔族炮塔左1	45	1	1	1	350000	0	0	0	2500	10000	0	0	0	1000		0	0	1
616	魔族炮塔左1	50	1	1	1	400000	0	0	0	3000	10000	0	0	0	1000		0	0	1
616	魔族炮塔左1	55	1	1	1	450000	0	0	0	3500	10000	0	0	0	1000		0	0	1
616	魔族炮塔左1	60	1	1	1	500000	0	0	0	4000	10000	0	0	0	1000		0	0	1
616	魔族炮塔左1	65	1	1	1	550000	0	0	0	4500	10000	0	0	0	1000		0	0	1
616	魔族炮塔左1	70	1	1	1	600000	0	0	0	5000	10000	0	0	0	1000		0	0	1
617	魔族炮塔左2	30	1	1	1	200000	0	0	0	1000	10000	0	0	0	1000		0	0	1
617	魔族炮塔左2	35	1	1	1	250000	0	0	0	1500	10000	0	0	0	1000		0	0	1
617	魔族炮塔左2	40	1	1	1	300000	0	0	0	2000	10000	0	0	0	1000		0	0	1
617	魔族炮塔左2	45	1	1	1	350000	0	0	0	2500	10000	0	0	0	1000		0	0	1
617	魔族炮塔左2	50	1	1	1	400000	0	0	0	3000	10000	0	0	0	1000		0	0	1
617	魔族炮塔左2	55	1	1	1	450000	0	0	0	3500	10000	0	0	0	1000		0	0	1
617	魔族炮塔左2	60	1	1	1	500000	0	0	0	4000	10000	0	0	0	1000		0	0	1
617	魔族炮塔左2	65	1	1	1	550000	0	0	0	4500	10000	0	0	0	1000		0	0	1
617	魔族炮塔左2	70	1	1	1	600000	0	0	0	5000	10000	0	0	0	1000		0	0	1
618	魔族炮塔右1	30	1	1	1	200000	0	0	0	1000	10000	0	0	0	1000		0	0	1
618	魔族炮塔右1	35	1	1	1	250000	0	0	0	1500	10000	0	0	0	1000		0	0	1
618	魔族炮塔右1	40	1	1	1	300000	0	0	0	2000	10000	0	0	0	1000		0	0	1
618	魔族炮塔右1	45	1	1	1	350000	0	0	0	2500	10000	0	0	0	1000		0	0	1
618	魔族炮塔右1	50	1	1	1	400000	0	0	0	3000	10000	0	0	0	1000		0	0	1
618	魔族炮塔右1	55	1	1	1	450000	0	0	0	3500	10000	0	0	0	1000		0	0	1
618	魔族炮塔右1	60	1	1	1	500000	0	0	0	4000	10000	0	0	0	1000		0	0	1
618	魔族炮塔右1	65	1	1	1	550000	0	0	0	4500	10000	0	0	0	1000		0	0	1
618	魔族炮塔右1	70	1	1	1	600000	0	0	0	5000	10000	0	0	0	1000		0	0	1
619	魔族炮塔右2	30	1	1	1	200000	0	0	0	1000	10000	0	0	0	1000		0	0	1
619	魔族炮塔右2	35	1	1	1	250000	0	0	0	1500	10000	0	0	0	1000		0	0	1
619	魔族炮塔右2	40	1	1	1	300000	0	0	0	2000	10000	0	0	0			0	0	1
619	魔族炮塔右2	45	1	1	1	350000	0	0	0	2500	10000	0	0	0	1000		0	0	1
619	魔族炮塔右2	50	1	1	1	400000	0	0	0	3000	10000	0	0	0	1000		0	0	1
619	魔族炮塔右2	55	1	1	1	450000	0	0	0	3500	10000	0	0	0	1000		0	0	1
619	魔族炮塔右2	60	1	1	1	500000	0	0	0	4000	10000	0	0	0	1000		0	0	1
619	魔族炮塔右2	65	1	1	1	550000	0	0	0	4500	10000	0	0	0	1000		0	0	1
619	魔族炮塔右2	70	1	1	1	600000	0	0	0	5000	10000	0	0	0	1000		0	0	1
620	魔族npc	30	1	1	1	15000	0	0	0	500	10000	0	0	0	1000		15	15	1
620	魔族npc	35	1	1	1	40000	0	0	0	1000	10000	0	0	0	1000		15	15	1
620	魔族npc	40	1	1	1	100000	0	0	0	1500	10000	0	0	0			15	15	1
620	魔族npc	45	1	1	1	160000	0	0	0	2000	10000	0	0	0			15	15	1
620	魔族npc	50	1	1	1	220000	0	0	0	2500	10000	0	0	0	1000		15	15	1
620	魔族npc	55	1	1	1	220000	0	0	0	3000	10000	0	0	0	1000		15	15	1
620	魔族npc	60	1	1	1	250000	0	0	0	3500	10000	0	0	0	1000		15	15	1
620	魔族npc	65	1	1	1	250000	0	0	0	4000	10000	0	0	0	1000		15	15	1
620	魔族npc	70	1	1	1	250000	0	0	0	4500	10000	0	0	0	1000		15	15	1
621	蛮荒之地 boss1	20	1	600	1	7000000	0	0	0	500	10000	0	0	0	1000		30	30	1
622	蛮荒之地 boss2	20	1	600	1	8000000	0	0	0	500	10000	0	0	0	1000		30	30	1
623	蛮荒之地 boss3	20	1	600	1	9000000	0	0	0	1000	10000	0	0	0	1000		30	30	1
624	蛮荒之地 boss4	20	1	600	1	15000000	0	0	0	2000	10000	0	0	0	1000		30	30	1
625	蛮荒之地 boss5	20	1	600	1	16000000	0	0	0	2000	10000	0	0	0	1000		30	30	1
626	蛮荒之地 boss6	20	1	600	1	33000000	0	0	0	3000	10000	0	0	0	1000		30	30	1
627	蛮荒之地 boss7	20	1	600	1	34000000	0	0	0	3000	10000	0	0	0			30	30	1
635	西山兵 战宝堂	30	1	300	1	4000				50	10000				1000		15	15	1
635	西山兵 战宝堂	35	1	350	1	7500				80	10000				1000		15	15	1
635	西山兵 战宝堂	40	1	400	1	20000				110	10000				1000		15	15	1
635	西山兵 战宝堂	45	1	450	1	32500				140	10000				1000		15	15	1
635	西山兵 战宝堂	50	1	500	1	45000				170	10000				1000		15	15	1
635	西山兵 战宝堂	55	1	550	1	57500				200	10000				1000		15	15	1
635	西山兵 战宝堂	60	1	600	1	70000				230	10000				1000		15	15	1
635	西山兵 战宝堂	65	1	650	1	82500				260	10000				1000		15	15	1
635	西山兵 战宝堂	70	1	700	1	95000				290	10000				1000		15	15	1
636	鞭妖 战宝堂	30	1	300	1	3000000				500	10000				1000		30	30	1
636	鞭妖 战宝堂	35	1	350	1	4000000				800	10000				1000		30	30	1
636	鞭妖 战宝堂	40	1	400	1	5000000				1100	10000				1000		30	30	1
636	鞭妖 战宝堂	45	1	450	1	5000000				1400	10000				1000		30	30	1
636	鞭妖 战宝堂	50	1	500	1	6000000				1700	10000				1000		30	30	1
636	鞭妖 战宝堂	55	1	550	1	6000000				2000	10000				1000		30	30	1
636	鞭妖 战宝堂	60	1	600	1	7000000				2300	10000				1000		30	30	1
636	鞭妖 战宝堂	65	1	650	1	8000000				2600	10000				1000		30	30	1
636	鞭妖 战宝堂	70	1	700	1	8000000				2900	10000				1000		30	30	1
637	傀儡 战宝堂	30	1	300	1	3000000				500	10000				1000		30	30	1
637	傀儡 战宝堂	35	1	350	1	4000000				800	10000				1000		30	30	1
637	傀儡 战宝堂	40	1	400	1	5000000				1100	10000				1000		30	30	1
637	傀儡 战宝堂	45	1	450	1	5000000				1400	10000				1000		30	30	1
637	傀儡 战宝堂	50	1	500	1	6000000				1700	10000				1000		30	30	1
637	傀儡 战宝堂	55	1	550	1	6000000				2000	10000				1000		30	30	1
637	傀儡 战宝堂	60	1	600	1	7000000				2300	10000				1000		30	30	1
637	傀儡 战宝堂	65	1	650	1	8000000				2600	10000				1000		30	30	1
637	傀儡 战宝堂	70	1	700	1	8000000				2900	10000				1000		30	30	1
638	影魔 战宝堂	30	1	300	1	3000000				500	10000				1000		30	30	1
638	影魔 战宝堂	35	1	350	1	4000000				800	10000				1000		30	30	1
638	影魔 战宝堂	40	1	400	1	5000000				1100	10000				1000		30	30	1
638	影魔 战宝堂	45	1	450	1	5000000				1400	10000				1000		30	30	1
638	影魔 战宝堂	50	1	500	1	6000000				1700	10000				1000		30	30	1
638	影魔 战宝堂	55	1	550	1	6000000				2000	10000				1000		30	30	1
638	影魔 战宝堂	60	1	600	1	7000000				2300	10000				1000		30	30	1
638	影魔 战宝堂	65	1	650	1	8000000				2600	10000				1000		30	30	1
638	影魔 战宝堂	70	1	700	1	8000000				2900	10000				1000		30	30	1
649	临时用的prop	30	1	1	1	3000	0	0	0	100	10000	0	0	0	1000		10	10	1
650	护丹童女   1品	128	1	1	1	65000					10000				1000		10	10	1
651	日月星君   1品	129	1	1	1	65000					10000				1000		10	10	1
652	龟丞相     1品	130	1	1	1	65000					10000				1000		10	10	1
653	巨灵神     1品	131	1	1	1	65000					10000				1000		10	10	1
654	三公主     2品	132	1	1	1	120000					10000				1000		10	10	1
655	紫霞仙子   2品	133	1	1	1	120000					10000				1000		10	10	1
656	雷震子     2品	134	1	1	1	120000					10000				1000		10	10	1
657	南海龙太子 2品	135	1	1	1	120000					10000				1000		10	10	1
658	嫦娥       3品	136	1	1	1	600000					10000				1000		10	10	1
659	九天玄女   3品	137	1	1	1	600000					10000				1000		10	10	1
660	猪八戒     3品	138	1	1	1	600000					10000				1000		10	10	1
661	哪吒       3品	139	1	1	1	600000					10000				1000		10	10	1
662	二郎神     4品	140	1	1	1	600000					10000				1000		10	10	1
663	托塔天王   4品	141	1	1	1	600000					10000				1000		10	10	1
664	阎罗王     4品	142	1	1	1	600000					10000				1000		10	10	1
665	王母娘娘   4品	143	1	1	1	600000					10000				1000		10	10	1
666	太上老君   5品	144	1	1	1	600000					10000				1000		10	10	1
667	孙悟空     5品	145	1	1	1	600000					10000				1000		10	10	1
668	精卫       5品	146	1	1	1	600000					10000				1000		10	10	1
669	南海观音   5品	147	1	1	1	600000					10000				1000		10	10	1
670	盘古       6品	148	1	1	1	600000					10000				1000		10	10	1
671	伏羲       6品	149	1	1	1	600000					10000				1000		10	10	1
672	如来佛祖   6品	150	1	1	1	600000					10000				1000		10	10	1
673	女娲       6品	151	1	1	1	600000					10000				1000		10	10	1
675	20级蛮荒之地	30	1	360	1	5000	0	0	0	200	10000	0	0	0	1000		10	10	1
676	40级蛮荒之地	50	1	600	1	20000	0	0	0	400	10000	0	0	0	1000		10	10	1
677	60级蛮荒之地	70	1	840	1	84000	0	0	0	1020	10000	0	0	0	1000		10	10	1
678	80级蛮荒之地	90	1	1080	1	130000	0	0	0	2000	10000	0	0	0	1000		10	10	1
679	20级蛮荒之地	30	1	360	1	5000	0	0	0	200	10000	0	0	0	1000		10	10	1
680	20级蛮荒之地	30	1	360	1	5000	0	0	0	200	10000	0	0	0	1000		10	10	1
681	40级蛮荒之地	50	1	600	1	20000	0	0	0	400	10000	0	0	0	1000		10	10	1
682	40级蛮荒之地	50	1	600	1	20000	0	0	0	400	10000	0	0	0	1000		10	10	1
683	60级蛮荒之地	70	1	840	1	84000	0	0	0	1020	10000	0	0	0	1000		10	10	1
684	60级蛮荒之地	70	1	840	1	84000	0	0	0	1020	10000	0	0	0	1000		10	10	1
685	80级蛮荒之地	90	1	1080	1	130000	0	0	0	2000	10000	0	0	0	1000		10	10	1
686	80级蛮荒之地	90	1	1080	1	130000	0	0	0	2000	10000	0	0	0	1000		10	10	1
700	偷桃鸟（蟠桃树前）	21	1	210	1	6100	0	86	0	190	10000	1	0		1000		10	10	1
701	偷桃鸟人（蟠桃树前）	21	1	210	1	10500	0	86	0	230	10000	1	0		1000		10	10	1
702	近攻猕猴（蟠桃树后）	21	1	210	1	8000	0	86	0	250	10000	1	0		1000		10	10	1
703	远攻猕猴（蟠桃树后）	21	1	210	1	10000	0	86	0	330	10000	1	0		1000		10	10	1
704	火焰猕猴（花果山）	21	1	210	1	6000	0	86	0	280	10000	1	0		1000		8	8	1
705	大眼猕猴（花果山）	21	1	210	1	18000	0	86	0	400	10000	1	0		1000		9	9	1
706	猕猴祭司（花果山）	21	1	210	1	40000	0	86	0	350	10000	1	0		1000		9	9	1
707	猕猴法师（花果山）	21	1	210	1	30000	0	86	0	450	10000	1	0		1000		9	9	1
708	普通木人甲士	160	1	1000	1	30000	0	100	0	200	10000	20	0	100	1000		15	20	1
709	普通熊洋	161	1	1000	1	30000	0	100	0	200	10000	20	0	100	1000		15	20	1
710	普通罗虎	162	1	1000	1	30000	0	100	0	200	10000	20	0	100	1000		15	20	1
711	普通大猫	163	1	1000	1	30000	0	100	0	200	10000	20	0	100	1000		15	20	1
712	普通二狗	164	1	1000	1	30000	0	100	0	200	10000	20	0	100	1000		15	20	1
713	困难钓鱼翁	165	1	1000	1	30000	0	100	0	200	10000	20	0	100	1000		15	20	1
714	普通木人道士	166	1	1000	1	30000	0	100	0	200	10000	20	0	100	1000		15	20	1
715	普通凶邪之手	167	1	1000	1	30000	0	100	0	200	10000	20	0	100	1000		15	20	1
716	普通僵武士	168	1	1000	1	30000	0	100	0	200	10000	20	0	100	1000		15	20	1
717	普通瘟部魔怪	169	1	1000	1	30000	0	100	0	200	10000	20	0	100	1000		15	20	1
718	普通瘟癀魔将	170	1	1000	1	30000	0	100	0	200	10000	20	0	100	1000		15	20	1
719	普通腐败之血	171	1	1000	1	30000	0	100	0	200	10000	20	0	100	1000		15	20	1
1000	石头-关卡1惊险（普）	35	1	350	1	1	0	86	0	3000	10000	1	0		1000		14	14	1
1000	石头-关卡1惊险（困）	40	1	400	1	1	0	86	0	6000	10000	1	0		1000		14	14	1
1001	防御石柱-关卡1惊险（普）	35	1	350	1	30000	0	86	0	700	10000	1	0		1000		0	0	1
1001	防御石柱-关卡1惊险（困）	40	1	400	1	50000	0	86	0	1500	10000	1	0		1000		0	0	1
1002	石龟-关卡1惊险（普）	35	1	350	1	13000	0	86	0	400	10000	1	0		1000		14	14	1
1002	石龟-关卡1惊险（困）	40	1	400	1	70000	0	86	0	900	10000	1	0		1000		14	14	1
1003	冏囧-关卡1惊险（通用）	4	1	40	1	1	0	86	0	200	10000	1	0		1000		0	0	1
1004	巨石龟-关卡1惊险（普）	35	1	350	1	50000	0	86	0	1000	10000	1	0		1000		26	26	1
1004	巨石龟-关卡1惊险（困）	40	1	400	1	160000	0	86	0	3000	10000	1	0		1000		26	26	1
1005	巨石怪-关卡1惊险（普）	35	1	350	1	350000	0	86	0	900	10000	1	0		1000		20	20	1
1005	巨石怪-关卡1惊险（困）	40	1	400	1	800000	0	86	0	4000	10000	1	0		1000		20	20	1
1006	透明被杀-关卡1惊险	1	1	10	1	1	0	86	0	400	10000	1	0		1000		10	10	1
1007	冰火巨龟-关卡1惊险（普）	35	1	350	1	120000	0	86	0	1300	10000	1	0		1000		10	10	1
1007	冰火巨龟-关卡1惊险（困）	40	1	400	1	300000	0	86	0	7000	10000	1	0		1000		10	10	1
1010	魔兵-关卡1密室（普）	25	1	250	1	6000	0	86	0	100	10000	1	0		1000		10	10	1
1010	魔兵-关卡1密室（困）	30	1	300	1	18000	0	86	0	350	10000	1	0		1000		10	10	1
1011	魔兵弓箭手-关卡1密室（普）	25	1	250	1	5500	0	86	0	150	10000	1	0		1000		24	24	1
1011	魔兵弓箭手-关卡1密室（困）	30	1	300	1	15000	0	86	0	550	10000	1	0		1000		24	24	1
1012	魔将-关卡1密室（普）	25	1	250	1	20000	0	86	0	300	10000	1	0		1000		23	23	1
1012	魔将-关卡1密室（困）	30	1	300	1	80000	0	86	0	1000	10000	1	0		1000		23	23	1
1013	怨灵-关卡1密室（普）	25	1	250	1	80000	0	86	0	150	10000	1	20000		1000		23	23	1
1013	怨灵-关卡1密室（困）	30	1	300	1	200000	0	86	0	1000	10000	1	20000		1000		23	23	1
1014	圣光攻击-关卡1密室	1	1	10	1	1	0	86	0	1000	10000	1	0		1000		21	21	1
1015	妖王-关卡1密室（普）	25	1	250	1	120000	0	86	0	150	10000	1	0		1000		20	20	1
1015	妖王-关卡1密室（困）	30	1	300	1	250000	0	86	0	1000	10000	1	0		1000		20	20	1
1016	鬼魂-关卡1密室（普）	25	1	250	1	1	0	86	0	60	10000	1	0		1000		23	23	1
1016	鬼魂-关卡1密室（困）	30	1	300	1	1	0	86	0	60	10000	1	0		1000		23	23	1
1017	凶猛鬼魂-关卡1密室（普）	25	1	250	1	4000	0	86	0	100	10000	1	0		1000		17	17	1
1017	凶猛鬼魂-关卡1密室（困）	30	1	300	1	12000	0	86	0	300	10000	1	0		1000		17	17	1
1018	妖王追踪BUFF-关卡1密室	1	1	10	1	30000	0	86	0	60	10000	1	0		1000		25	25	1
1019	炼鬼炉-关卡1密室（普）	25	1	250	1	25000	0	86	0	1	10000	1	0		1000		26	26	1
1019	炼鬼炉-关卡1密室（困）	30	1	300	1	55000	0	86	0	1	10000	1	0		1000		26	26	1
1030	大将军-关卡1苏醒的（普）	50	1	500	1	8000000	0	86	0	24000	10000	1	0		1000		22	22	1
1030	大将军-关卡1苏醒的（困）	50	1	500	1	8000000	0	86	0	24000	10000	1	0		1000		22	22	1
1031	大将军分身-关卡1苏醒的（普）	50	1	500	1	200000	0	86	0	10000	10000	1	0		1000		22	22	1
1031	大将军分身-关卡1苏醒的（困）	50	1	500	1	200000	0	86	0	10000	10000	1	0		1000		22	22	1
1032	龙卷风-关卡1苏醒的（普）	50	1	500	1	10000	0	86	0	20000	10000	1	0		1000		14	14	1
1032	龙卷风-关卡1苏醒的（困）	50	1	500	1	10000	0	86	0	20000	10000	1	0		1000		14	14	1
1033	全体加血-关卡1苏醒的	50	1	500	1	5000	0	86	0	1	10000	1	0		1000		14	14	1
1050	利爪鬼-斗破三界（普）	55	1	550	1	40000	0	86	0	1500	10000	1	0		1000		15	15	1
1050	利爪鬼-斗破三界（困）	60	1	600	1	80000	0	86	0	3000	10000	1	0		1000		15	15	1
1051	刀鬼-斗破三界（普）	55	1	550	1	120000	0	86	0	1500	10000	1	0		1000		15	15	1
1051	刀鬼-斗破三界（困）	60	1	600	1	200000	0	86	0	3500	10000	1	0		1000		15	15	1
1052	弓鬼-斗破三界（普）	55	1	550	1	100000	0	86	0	2000	10000	1	0		1000		15	15	1
1052	弓鬼-斗破三界（困）	60	1	600	1	180000	0	86	0	4000	10000	1	0		1000		15	15	1
1053	魔族炮塔-斗破三界（普）	55	1	550	1	90000	0	86	0	6000	10000	1	20000		1000		15	15	1
1053	魔族炮塔-斗破三界（困）	60	1	600	1	180000	0	86	0	13000	10000	1	20000		1000		15	15	1
1054	巨斧魔-斗破三界（普）	55	1	550	1	250000	0	86	0	5000	10000	1	0		1000		15	15	1
1054	巨斧魔-斗破三界（困）	60	1	600	1	400000	0	86	0	10000	10000	1	0		1000		15	15	1
1055	流星锤魔-斗破三界（普）	55	1	550	1	250000	0	86	0	6000	10000	1	0		1000		15	15	1
1055	流星锤魔-斗破三界（困）	60	1	600	1	400000	0	86	0	12000	10000	1	0		1000		15	15	1
1056	鞭妖-斗破三界（普）	55	1	550	1	1450000	0	86	0	4000	10000	1	0		1000		20	20	1
1056	鞭妖-斗破三界（困）	60	1	600	1	4000000	0	86	0	8000	10000	1	0		1000		20	20	1
2000	敢死变种猴	245	1	1000	1	10	0	100	0	50	10000	10	10		1000		30	30	1
2001	回血	246	1	0	1	2950000	100000	100000	100000	0	0	0	0		1000		0	0	0
2002	神秘的药草	247	1	0	1	100000	100000	100000	100000	0	0	0	0		1000		0	0	0
2003	凶残鸟人	248	1	1000	1	10000	0	100	0	5000	10000	10	10		1000		15	15	1
2004	野刀狼	249	1	1000	1	10000	0	100	0	50	10000	10	5000		1000		15	15	1
2005	厚血蛤蟆	250	1	1000	1	30000	0	100	0	50	10000	10	10		1000		15	15	1
2006	加攻	251	1	1000	1	100000000	0	100	0	50	10000	10	10		1000		15	15	1
2007	加防	252	1	1000	1	100000000	0	100	0	50	10000	10	10		1000		15	15	1
2008	回血	253	1	1000	1	100000000	0	100	0	50	10000	10	10		1000		15	15	1
2009	符令傀儡	254	1	1000	1	10000	0	100	0	50	10000	10	10		1000		20	30	1
2010	冰冻阵	255	1	0	1	100000000	100000	100000	100000	0	0	0	0		1000		0	0	0
2011	冰玉米	256	1	1000	1	10000	0	100	0	50	10000	10	10		1000		15	15	1
2012	冰冻追踪怪	257	1	1000	1	10000	0	100	0	50	10000	10	10		1000		15	15	1
2013	火玉米	258	1	1000	1	10000	0	100	0	50	10000	10	10		1000		15	15	1
2014	火焰怪	259	1	1000	1	10000	0	100	0	50	10000	10	10		1000		15	15	1
2015		260	1	0	1	10000000	100000	100000	100000	0	0	0	10000000		1000		0	0	0
2016		261	1	0	1	10000000	100000	100000	100000	0	0	0	10000000		1000		0	0	0
2017	通向boss之门	262	1	0	1	10000000	100000	100000	100000	0	0	0	10000000		1000		0	0	0
2018	通向boss之门	263	1	0	1	10000000	100000	100000	100000	0	0	0	10000000		1000		0	0	0
2019	遗迹魔塔	264	1	1000	1	10000	0	100	0	50	10000	10	10		1000		0	0	1
2020	魔法蛋	265	1	1000	1	100	0	100	0	50	10	10	10		1000		10	10	1
2050	选择器 （gk巨手之怒）	266	1	1000	1	10000	0	0	0	50	10000	0	0		1000		0	0	1
2051	熔浆小兵 （gk巨手之怒）	267	1	1000	1	10000	0	0	0	50	10000	0	0		1000		15	15	1
2052	熔浆卫士 （gk巨手之怒）	268	1	1000	1	13000	0	0	0	50	10000	0	0		1000		15	15	1
2053	左封印将军 （gk巨手之怒）	269	1	1000	1	30000	0	0	0	50	10000	0	0		1000		15	15	1
2054	回血 （gk巨手之怒）	270	1	1000	1	10000	0	0	0	50	10000	0	0		1000		15	15	1
2055	右封印将军 （gk巨手之怒）	271	1	1000	1	30000	0	0	0	50	10000	0	0		1000		15	15	1
2056	加速 （gk巨手之怒）	272	1	1000	1	10000	0	0	0	50	10000	0	0		1000		15	15	1
2057	定术木人 （gk巨手之怒）	273	1	1000	1	50000	0	0	0	50	10000	0	0		1000		15	35	1
2058	敢死小鬼 （gk巨手之怒）	274	1	1000	1	5000	0	0	0	50	10000	0	0		1000		15	35	1
2059	食人花 （gk巨手之怒）	275	1	1000	1	10000	0	0	0	50	10000	0	0		1000		15	0	1
2060	恶厨傀儡 （gk巨手之怒）	276	1	1000	1	100000	0	0	0	50	10000	0	0		1000		15	20	1
2061	助攻器械 （gk巨手之怒）	277	1	1000	1	1000000	0	0	0	50	10000	0	0		1000		15	0	1
2062	怒天巨掌（gk巨手之怒）	278	1	1000	1	10000	0	0	0	50	10000	0	0		1000		15	0	1
2063	巨掌护法（gk巨手之怒）	279	1	1000	1	10000	0	0	0	50	10000	0	0		1000		15	15	1
2200	狂暴黑熊(群魔来袭)	45	1	450	1	50000	0	0	0	500	10000	0	0		1000		6	6	1
2200	狂暴黑熊(群魔来袭)（困）	50	1	500	1	119000	0	0	0	500	10000	0	0		1000		6	6	1
2201	牛兵守卫(群魔来袭)	45	1	450	1	55000	0	0	0	500	10000	0	0		1000		6	6	1
2201	牛兵守卫(群魔来袭)（困）	50	1	500	1	130000	0	0	0	500	10000	0	0		1000		6	6	1
2202	牛魔王(群魔来袭)	45	1	450	1	100000	0	0	0	2000	10000	0	0		1000		6	6	1
2202	牛魔王(群魔来袭)（困）	50	1	500	1	250000	0	0	0	2000	10000	0	0		1000		6	6	1
2203	凶残鸟人(群魔来袭)	45	1	450	1	32000	0	0	0	500	10000	0	0		1000		10	10	1
2203	凶残鸟人(群魔来袭)（困）	50	1	500	1	90000	0	0	0	500	10000	0	0		1000		10	10	1
2204	大头领(群魔来袭)	45	1	450	1	60000	0	0	0	4000	10000	0	0		1000		6	6	1
2204	大头领(群魔来袭)（困）	50	1	500	1	220000	0	0	0	4000	10000	0	0		1000		6	6	1
2205	变种鳄龟(群魔来袭)	45	1	450	1	62000	0	0	0	500	10000	0	0		1000		6	6	1
2205	变种鳄龟(群魔来袭)（困）	50	1	500	1	150000	0	0	0	500	10000	0	0		1000		6	6	1
2206	封印将军(群魔来袭)	45	1	450	1	150000	0	0	0	4000	10000	0	0		1000		6	6	1
2206	封印将军(群魔来袭)（困）	50	1	500	1	280000	0	0	0	4000	10000	0	0		1000		6	6	1
2207	大教主(群魔来袭)	45	1	450	1	820000	0	0	0	8000	10000	0	0		1000		6	6	1
2207	大教主(群魔来袭)（困）	50	1	500	1	1450000	0	0	0	8000	10000	0	0		1000		6	6	1
2208	神仙姐姐(群魔来袭)	45	1	450	1	200000	0	0	0	50	10000	0	0		1000		0	0	1
2209	单攻炮台传送点(群魔来袭)	45	1	450	1	10000	0	0	0	50	10000	0	0		1000		0	0	1
2210	群攻炮台传送点(群魔来袭)	45	1	450	1	10000	0	0	0	50	10000	0	0		1000		0	0	1
2211	减速炮台传送点(群魔来袭)	45	1	450	1	10000	0	0	0	50	10000	0	0		1000		0	0	1
2212	单攻炮台(群魔来袭)	45	1	450	1	10000	0	0	0	50	10000	0	0		1000		0	0	1
2213	群攻炮台(群魔来袭)	45	1	450	1	10000	0	0	0	50	10000	0	0		1000		0	0	1
2214	减速炮台(群魔来袭)	45	1	450	1	10000	0	0	0	50	10000	0	0		1000		0	0	1
2215	单攻魔法蛋(群魔来袭)	45	1	450	1	10000	0	0	0	50	10000	0	0		1000		0	0	1
2216	群攻魔法蛋(群魔来袭)	45	1	450	1	10000	0	0	0	50	10000	0	0				0	0	1
2217	减速魔法蛋(群魔来袭)	45	1	450	1	10000	0	0	0	50	10000	0	0		1000		0	0	1
2218	加攻buff(群魔来袭)	45	1	450	1	10000	0	0	0	50	10000	0	0		1000		0	0	1
2219	全部怪伤害buff(群魔来袭)	45	1	450	1	10000	0	0	0	50	10000	0	0		1000		0	0	1
2220	全部怪定身buff(群魔来袭)	45	1	450	1	10000	0	0	0	50	10000	0	0		1000		0	0	1
2221	猴子偷桃(群魔来袭)	45	1	450	1	100000	0	0	0	50	10000	0	0		1000		15	15	1
2230	宝物猴(四兽宝塔)	35	1	350	1	50000	0	0	0	50	10000	0	0		1000		15	15	1
2231	四兽塔塔主(四兽宝塔)	35	1	350	1	450000	0	0	0	2000	10000	0	0		1000		21	21	1
2231	四兽塔塔主(四兽宝塔)（困）	40	1	400	1	900000	0	0	0	6000	10000	0	0		1000		21	21	1
2232	白虎兵(四兽宝塔)	35	1	350	1	30000	0	0	0	1000	10000	0	0				21	21	1
2232	白虎兵(四兽宝塔)（困）	40	1	400	1	60000	0	0	0	2000	10000	0	0				21	21	1
2240	恶人守卫(偷袭恶人寨)	45	1	450	1	110000	0	0	0	2500	10000	0	0		1000		15	15	1
2240	恶人守卫(偷袭恶人寨) (困)	50	1	500	1	200000	0	0	0	4000	10000	0	0		1000		17	17	1
2241	恶人手下(偷袭恶人寨)	45	1	450	1	70000	0	0	0	1500	10000	0	0		1000		15	15	1
2241	恶人手下(偷袭恶人寨)（困）	50	1	500	1	110000	0	0	0	3500	10000	0	0		1000		17	17	1
2242	恶人寨寨主(偷袭恶人寨)	45	1	450	1	1000000	0	0	0	5000	10000	0	0		1000		21	21	1
2242	恶人寨寨主(偷袭恶人寨)（困）	50	1	500	1	1800000	0	0	0	8000	10000	0	0		1000		21	21	1
2243	恶霸(偷袭恶人寨)	45	1	450	1	200000	0	0	0	3000	10000	0	0		1000		15	15	1
2243	恶霸(偷袭恶人寨)（困）	50	1	500	1	300000	0	0	0	6000	10000	0	0		1000		15	15	1
2250	被劫镖车（冲出敌阵）	25	1	250	1	50000	0	0	0	50	10000	0	0		1000		7	7	1
2251	劫匪（冲出敌阵）（戴帽）	25	1	250	1	4000	0	0	0	100	10000	0	0		1000		15	15	1
2251	劫匪（冲出敌阵）（戴帽）(困)	30	1	300	1	8000	0	0	0	300	10000	0	0		1000		15	15	1
2252	劫匪（冲出敌阵）（没帽）	25	1	250	1	4000	0	0	0	100	10000	0	0				15	15	1
2252	劫匪（冲出敌阵）（没帽）（困）	30	1	300	1	8000	0	0	0	300	10000	0	0		1000		15	15	1
2253	帐篷（冲出敌阵）	25	1	250	1	30000	0	0	0	50	10000	0	0		1000		3	3	1
2253	帐篷（冲出敌阵）（困）	30	1	300	1	70000	0	0	0	50	10000	0	0		1000		3	3	1
2254	箭塔（冲出敌阵）	25	1	250	1	30000	0	0	0	150	10000	0	0		1000		0	0	1
2254	箭塔（冲出敌阵）（困）	30	1	300	1	70000	0	0	0	500	10000	0	0		1000		0	0	1
2255	大劫匪（冲出敌阵）（没帽）	25	1	250	1	20000	0	0	0	150	10000	0	0		1000		15	15	1
2255	大劫匪（冲出敌阵）（没帽）（困）	30	1	300	1	30000	0	0	0	500	10000	0	0		1000		15	15	1
2256	劫匪头领(冲出敌阵)	25	1	250	1	180000	0	0	0	300	10000	0	0		1000		21	21	1
2256	劫匪头领(冲出敌阵)（困）	30	1	300	1	250000	0	0	0	800	10000	0	0		1000		21	21	1
2260	机关人（机关地牢）	50	1	500	1	100000	0	0	0	3000	10000	0	0		1000		3	3	1
2260	机关人（机关地牢）（困）	26	1	260	1	250000	0	0	0	6000	10000	0	0		1000		3	3	1
2261	机关兽（机关地牢）	50	1	500	1	130000	0	0	0	4000	10000	0	0		1000		3	3	1
2261	机关兽（机关地牢）（困）	26	1	260	1	300000	0	0	0	7000	10000	0	0		1000		3	3	1
2262	机关邪童（机关地牢）	50	1	500	1	160000	0	0	0	5000	10000	0	0		1000		3	3	1
2262	机关邪童（机关地牢）（困）	26	1	260	1	350000	0	0	0	8000	10000	0	0		1000		3	3	1
2263	机关傀儡（机关地牢）	50	1	500	1	1800000	0	0	0	4000	10000	0	0		1000		3	3	1
2263	机关傀儡（机关地牢）（困）	26	1	260	1	3500000	0	0	0	10000	10000	0	0		1000		3	3	1
2400	飞虫(百毒邪教)	30	1	300	1	5000	0	0	0	50	10000	0	0		1000		15	15	1
2400	飞虫(百毒邪教)	40	1	400	1	15000	0	0	0	50	10000	0	0		1000		15	15	1
2400	飞虫(百毒邪教)	50	1	500	1	40000	0	0	0	50	10000	0	0		1000		15	15	1
2400	飞虫(百毒邪教)	60	1	600	1	100000	0	0	0	50	10000	0	0		1000		15	15	1
2401	剧毒虫(百毒邪教)	30	1	300	1	70000	0	0	0	100	10000	0	0		1000		15	15	1
2401	剧毒虫(百毒邪教)	40	1	400	1	210000	0	0	0	100	10000	0	0		1000		15	15	1
2401	剧毒虫(百毒邪教)	50	1	500	1	500000	0	0	0	100	10000	0	0		1000		15	15	1
2401	剧毒虫(百毒邪教)	60	1	600	1	1000000	0	0	0	100	10000	0	0		1000		15	15	1
2402	蜘蛛(百毒邪教)	25	1	250	1	7000	0	0	0	50	10000	0	0		1000		15	15	1
2403	黑寡妇(百毒邪教)	25	1	250	1	80000	0	0	0	100	10000	0	0		1000		15	15	1
2404	毒蟾蜍(百毒邪教)	25	1	250	1	8000	0	0	0	50	10000	0	0		1000		15	15	1
2405	蟾蜍精(百毒邪教)	25	1	250	1	90000	0	0	0	100	10000	0	0		1000		15	15	1
2406	百毒教教主(百毒邪教)	25	1	250	1	140000	0	0	0	200	10000	0	0		1000		15	15	1
2410	小鬼（百鬼夜行）	30	1	300	1	8000	0	0	0	50	10000	0	0		1000		15	15	1
2411	凶鬼（百鬼夜行）	30	1	300	1	100000	0	0	0	100	10000	0	0		1000		15	15	1
2412	尸鬼弓兵（百鬼夜行）	30	1	300	1	10000	0	0	0	50	10000	0	0		1000		15	15	1
2413	尸鬼弓将（百鬼夜行）	30	1	300	1	130000	0	0	0	100	10000	0	0		1000		15	15	1
2414	尸鬼兵（百鬼夜行）	30	1	300	1	12000	0	0	0	50	10000	0	0		1000		15	15	1
2415	尸鬼刀将（百鬼夜行）	30	1	300	1	150000	0	0	0	100	10000	0	0		1000		15	15	1
2416	尸鬼王（百鬼夜行）	30	1	300	1	200000	0	0	0	200	10000	0	0		1000		15	15	1
2420	鱼妖（进击的妖兽）	35	1	350	1	8000	0	0	0	50	10000	0	0		1000		10	10	1
2421	大鱼妖（进击的妖兽）	35	1	350	1	150000	0	0	0	100	10000	0	0		1000		10	10	1
2422	猴妖（进击的妖兽）	35	1	350	1	10000	0	0	0	50	10000	0	0		1000		10	10	1
2423	大猴妖（进击的妖兽）	35	1	350	1	180000	0	0	0	100	10000	0	0		1000		10	10	1
2424	树妖（进击的妖兽）	35	1	350	1	8000	0	0	0	50	10000	0	0		1000		10	10	1
2425	巨树妖（进击的妖兽）	35	1	350	1	200000	0	0	0	100	10000	0	0		1000		10	10	1
2426	鸟妖（进击的妖兽）	35	1	350	1	10000	0	0	0	50	10000	0	0		1000		10	10	1
2427	巨鸟妖（进击的妖兽）	35	1	350	1	230000	0	0	0	100	10000	0	0		1000		10	10	1
2428	龙妖（进击的妖兽）	35	1	350	1	350000	0	0	0	50	10000	0	0		1000		10	10	1
2430	小胖（进击的胖子）	40	1	400	1	8000	0	0	0	50	10000	0	0		1000		10	10	1
2431	一胖（进击的胖子）	40	1	400	1	200000	0	0	0	100	10000	0	0		1000		10	10	1
2432	小胖（进击的胖子）	40	1	400	1	10000	0	0	0	50	10000	0	0		1000		10	10	1
2433	二胖（进击的胖子）	40	1	400	1	220000	0	0	0	100	10000	0	0		1000		10	10	1
2434	小胖（进击的胖子）	40	1	400	1	8000	0	0	0	50	10000	0	0		1000		10	10	1
2435	三胖（进击的胖子）	40	1	400	1	250000	0	0	0	100	10000	0	0		1000		10	10	1
2436	小胖（进击的胖子）	40	1	400	1	10000	0	0	0	50	10000	0	0		1000		10	10	1
2437	四胖（进击的胖子）	40	1	400	1	300000	0	0	0	100	10000	0	0		1000		10	10	1
2438	巨胖（进击的胖子）	40	1	400	1	500000	0	0	0	50	10000	0	0		1000		10	10	1
2440	天残弟子（邪恶天残）	45	1	450	1	8000	0	0	0	50	10000	0	0		1000		10	10	1
2441	天残四长老（邪恶天残）	45	1	450	1	200000	0	0	0	100	10000	0	0		1000		10	10	1
2442	天残弟子（邪恶天残）	45	1	450	1	10000	0	0	0	50	10000	0	0		1000		10	10	1
2443	天残三长老（邪恶天残）	45	1	450	1	220000	0	0	0	100	10000	0	0		1000		10	10	1
2444	天残弟子（邪恶天残）	45	1	450	1	8000	0	0	0	50	10000	0	0		1000		10	10	1
2445	天残二长老（邪恶天残）	45	1	450	1	250000	0	0	0	100	10000	0	0		1000		10	10	1
2446	天残弟子（邪恶天残）	45	1	450	1	10000	0	0	0	50	10000	0	0		1000		10	10	1
2447	天残一长老（邪恶天残）	45	1	450	1	300000	0	0	0	100	10000	0	0		1000		10	10	1
2448	邪恶天残（邪恶天残）	45	1	450	1	500000	0	0	0	50	10000	0	0		1000		10	10	1
2450	空虚弟子（邪恶空虚）	50	1	500	1	8000	0	0	0	50	10000	0	0		1000		10	10	1
2451	夺命书生（邪恶空虚）	50	1	500	1	200000	0	0	0	100	10000	0	0		1000		10	10	1
2452	空虚弟子（邪恶空虚）	50	1	500	1	10000	0	0	0	50	10000	0	0		1000		10	10	1
2453	夺命书生（邪恶空虚）	50	1	500	1	220000	0	0	0	100	10000	0	0		1000		10	10	1
2454	空虚弟子（邪恶空虚）	50	1	500	1	8000	0	0	0	200	10000	0	0		1000		10	10	1
2455	夺命尿人（邪恶空虚）	50	1	500	1	250000	0	0	0	350	10000	0	0		1000		10	10	1
2456	空虚弟子（邪恶空虚）	50	1	500	1	10000	0	0	0	200	10000	0	0		1000		10	10	1
2457	夺命鸟人（邪恶空虚）	50	1	500	1	300000	0	0	0	400	10000	0	0		1000		10	10	1
2458	邪恶肾虚（邪恶空虚）	50	1	500	1	500000	0	0	0	800	10000	0	0		1000		10	10	1
2465	狂暴鱼人（狂暴岛）	60	1	600	1	250000	0	0	0	350	10000	0	0		1000		10	10	1
2466	狂暴刀将（狂暴岛）	60	1	600	1	350000	0	0	0	200	10000	0	0		1000		10	10	1
2467	狂暴老妖（狂暴岛）	60	1	600	1	450000	0	0	0	400	10000	0	0		1000		10	10	1
2468	狂暴巨鸟（狂暴岛）	60	1	600	1	600000	0	0	0	800	10000	0	0		1000		10	10	1
2473	变异巨蛙（变异岛）	60	1	600	1	250000	0	0	0	350	10000	0	0		1000		10	10	1
2474	变异岩浆怪（变异岛）	60	1	600	1	350000	0	0	0	200	10000	0	0		1000		10	10	1
2475	变异鳄龟（变异岛）	60	1	600	1	450000	0	0	0	400	10000	0	0		1000		10	10	1
2476	变异树妖（变异岛）	60	1	600	1	600000	0	0	0	800	10000	0	0		1000		10	10	1
2500	洞天副本小怪	30	1	300	1	5000	0	0	0	50	10000	0	0		1000		10	10	1
2500	洞天副本小怪	35	1	350	1	10000	0	0	0	50	10000	0	0		1000		10	10	1
2500	洞天副本小怪	40	1	400	1	15000	0	0	0	200	10000	0	0		1000		10	10	1
2500	洞天副本小怪	45	1	450	1	30000	0	0	0	200	10000	0	0		1000		10	10	1
2500	洞天副本小怪	50	1	500	1	40000	0	0	0	400	10000	0	0		1000		10	10	1
2500	洞天副本小怪	55	1	550	1	75000	0	0	0	400	10000	0	0		1000		10	10	1
2500	洞天副本小怪	60	1	600	1	100000	0	0	0	600	10000	0	0		1000		10	10	1
2501	洞天副本精英	30	1	450	1	70000	0	0	0	50	10000	0	0		1000		10	10	1
2501	洞天副本精英	35	1	525	1	140000	0	0	0	50	10000	0	0		1000		10	10	1
2501	洞天副本精英	40	1	600	1	210000	0	0	0	200	10000	0	0		1000		10	10	1
2501	洞天副本精英	45	1	675	1	350000	0	0	0	200	10000	0	0		1000		10	10	1
2501	洞天副本精英	50	1	750	1	500000	0	0	0	400	10000	0	0		1000		10	10	1
2501	洞天副本精英	55	1	825	1	750000	0	0	0	400	10000	0	0		1000		10	10	1
2501	洞天副本精英	60	1	1200	1	1000000	0	0	0	600	10000	0	0		1000		10	10	1
2502	洞天副本BOSS	30	1	600	1	140000	0	0	0	50	10000	0	0		1000		10	10	1
2502	洞天副本BOSS	35	1	700	1	340000	0	0	0	50	10000	0	0		1000		10	10	1
2502	洞天副本BOSS	40	1	800	1	520000	0	0	0	200	10000	0	0		1000		10	10	1
2502	洞天副本BOSS	45	1	900	1	720000	0	0	0	200	10000	0	0		1000		10	10	1
2502	洞天副本BOSS	50	1	1000	1	1000000	0	0	0	400	10000	0	0		1000		10	10	1
2502	洞天副本BOSS	55	1	1100	1	1500000	0	0	0	400	10000	0	0		1000		10	10	1
2502	洞天副本BOSS	60	1	1200	1	3000000	0	0	0	600	10000	0	0		1000		10	10	1
2900	冰炼（VIP-冰火炼狱）	30	1	900	1	1100000	0	0	0	4500	10000	0	0		1000		20	20	1
2901	火狱（VIP-冰火炼狱）	30	1	900	1	1450000	0	0	0	5200	10000	0	0		1000		20	20	1
2902	魔掌（VIP-冰火炼狱）	40	1	1200	1	4300000	0	0	0	10000	10000	0	0		1000		0	0	1
2903	白骨精（VIP-冰火炼狱）	50	1	1500	1	6500000	0	0	0	16000	10000	0	0		1000		20	20	1
2904	白骨精（VIP-冰火炼狱）	50	1	1500	1	150000	0	0	0	8000	10000	0	0		1000		15	15	1
10000	追踪冰冻	373	1	10	1	2000	0	86	0	10	10000	1	80		1000		12	12	1
3000	伐魔塔-魔兵	60	1	1600	1	74000				11000	700				1000		10	10	1
3001	伐魔塔-白脸鬼	60	1	1620	1	75000				11500	710				1000		10	10	1
3002	伐魔塔-黑脸鬼	60	1	1640	1	76000				12000	720				1000		10	10	1
3003	伐魔塔-鱼怪	60	1	1660	1	77000				12500	730				1000		10	10	1
3004	伐魔塔-怪盗小李（5层）	60	1	3000	1	1100000				28500	740		9000		1000		30	30	1
3005	伐魔塔-河妖	60	1	1700	1	79000				13500	750				1000		10	10	1
3006	伐魔塔-恶霸	60	1	1720	1	80000				14000	760				1000		10	10	1
3007	伐魔塔-狂暴者	60	1	1740	1	81000				14500	770				1000		10	10	1
3008	伐魔塔-强盗	60	1	1760	1	82000				15000	780				1000		10	10	1
3009	伐魔塔-邪恶大土豪（10层）	60	1	4000	1	1200000				32000	790		10000		1000		30	30	1
3010	伐魔塔-毒虫	60	1	1800	1	84000				16000	800				1000		10	10	1
3011	伐魔塔-熊精	60	1	1820	1	85000				16500	810				1000		10	10	1
3012	伐魔塔-年兽	60	1	1840	1	86000				17000	820				1000		10	10	1
3013	伐魔塔-毒蜘蛛	60	1	1860	1	87000				17500	830				1000		10	10	1
3014	伐魔塔-牛魔王（15层）	60	1	5000	1	1300000				35000	840		11000		1000		30	30	1
3015	伐魔塔-蟾蜍	60	1	1900	1	89000				18500	850				1000		10	10	1
3016	伐魔塔-怪盗小李	60	1	1920	1	90000				19000	860				1000		10	10	1
3017	伐魔塔-牛兵	60	1	1940	1	91000				19500	870				1000		10	10	1
3018	伐魔塔-哮天犬	60	1	1960	1	92000				20000	880				1000		10	10	1
3019	伐魔塔-西域飞龙（20层）	60	1	6000	1	1400000				38000	890		12000		1000		30	30	1
3020	伐魔塔-黑老鸦	60	1	2000	1	94000				21000	900				1000		10	10	1
3021	伐魔塔-鸟人	60	1	2020	1	95000				21500	910				1000		10	10	1
3022	伐魔塔-猕猴	60	1	2040	1	96000				22000	920				1000		10	10	1
3023	伐魔塔-江湖人士	60	1	2060	1	97000				22500	930				1000		10	10	1
3024	伐魔塔-大巨人 （25层）	60	1	7000	1	1550000				42500	940		13000		1000		30	30	1
3025	伐魔塔-毒箭兵	60	1	2100	1	99000				23500	950				1000		10	10	1
3026	伐魔塔-熔岩怪	60	1	2120	1	100000				24000	960				1000		10	10	1
3027	伐魔塔-鬼魂	60	1	2140	1	101000				24500	970				1000		10	10	1
3028	伐魔塔-食人花	60	1	2160	1	102000				25000	980				1000		10	10	1
3029	伐魔塔-右封印将军 （30层）	60	1	8000	1	1700000				47500	990		14000		1000		30	30	1
3030	伐魔塔-黑老鸦	60	1	2200	1	104000				26000	1000				1000		10	10	1
3031	伐魔塔-鸟人	60	1	2220	1	105000				26500	1010				1000		10	10	1
3032	伐魔塔-猕猴	60	1	2240	1	106000				27000	1020				1000		10	10	1
3033	伐魔塔-江湖人士	60	1	2260	1	107000				27500	1030				1000		10	10	1
3034	伐魔塔-大巨人 （35层）	60	1	9000	1	1850000				52500	1040		15000		1000		30	30	1
3035	伐魔塔-毒箭兵	60	1	2300	1	109000				28500	1050				1000		10	10	1
3036	伐魔塔-熔岩怪	60	1	2320	1	110000				29000	1060				1000		10	10	1
3037	伐魔塔-鬼魂	60	1	2340	1	111000				29500	1070				1000		10	10	1
3038	伐魔塔-食人花	60	1	2360	1	112000				30000	1080				1000		10	10	1
3039	伐魔塔-<color=green>[BOSS]钓鱼翁	60	1	10000	1	2000000				57500	1090		16000		1000		30	30	1
3040	伐魔塔-百年老妖	60	1	2400	1	114000				31000	1100				1000		10	10	1
3041	伐魔塔-鼓灵童	60	1	2420	1	115000				31500	1110				1000		10	10	1
3042	伐魔塔-螃蟹精	60	1	2440	1	116000				32000	1120				1000		10	10	1
3043	伐魔塔-僵尸兵	60	1	2460	1	117000				32500	1130				1000		10	10	1
3044	伐魔塔-<color=green>[精英]瘟癀魔将	60	1	12000	1	2200000				62500	1140		17000		1000		30	30	1
3045	伐魔塔-大眼猴	60	1	2500	1	119000				33500	1150				1000		10	10	1
3046	伐魔塔-怨灵	60	1	2520	1	120000				34000	1160				1000		10	10	1
3047	伐魔塔-变种鳄龟	60	1	2540	1	121000				34500	1170				1000		10	10	1
3048	伐魔塔-激素熊精	60	1	2560	1	122000				35000	1180				1000		10	10	1
3049	伐魔塔-<color=green>[BOSS]大教主	60	1	14000	1	2400000				67500	1190		18000		1000		30	30	1
3050	伐魔塔-蟾蜍	60	1	2600	1	124000				36000	1200				1000		10	10	1
3051	伐魔塔-怪盗小李	60	1	2620	1	125000				36500	1210				1000		10	10	1
3052	伐魔塔-毒虫	60	1	2640	1	126000				37000	1220				1000		10	10	1
3053	伐魔塔-牛兵	60	1	2660	1	127000				37500	1230				1000		10	10	1
3054	伐魔塔-<color=green>[精英]鞭妖	60	1	16000	1	2600000				72500	1240		19000		1000		30	30	1
3055	伐魔塔-空虚公子	60	1	2700	1	129000				38500	1250				1000		10	10	1
3056	伐魔塔-天残脚	60	1	2720	1	130000				39000	1260				1000		10	10	1
3057	伐魔塔-冰玉米	60	1	2740	1	131000				39500	1270				1000		10	10	1
3058	伐魔塔-火玉米	60	1	2760	1	132000				40000	1280				1000		10	10	1
3059	伐魔塔-<color=green>[BOSS]傀儡	60	1	18000	1	3000000				80000	1290		20000		1000		30	30	1
