Name	Desc	Genre	DetailType	ParticularType	Level	Icon	View	Intro	CurrencyType	Price	Stack	ItemValue	MakeCost	BindType	Valuable	CanTrade	CanDestroy	ReqLevel	Quality	ClassName	ForbidType	CDType	ExtParam1	ExtParam2	ExtParam3	ExtParam4	ExtParam5	ExtParam6	ExtParam7	ExtParam8	ExtParam9	ExtParam10
神兽	周身赤红，四蹄生风，奔若惊雷，影化烟涛。	18	3	32	1				2	100	1	1000		1	0				1	ride_card
神兽	周身赤红，四蹄生风，奔若惊雷，影化烟涛。	18	3	32	2				2	100	1	1000		1	0				2	ride_card
神兽	周身赤红，四蹄生风，奔若惊雷，影化烟涛。	18	3	32	3				2	100	1	1000		1	0				2	ride_card
神兽	周身赤红，四蹄生风，奔若惊雷，影化烟涛。	18	3	32	4				2	100	1	1000		1	0				3	ride_card
神兽	周身赤红，四蹄生风，奔若惊雷，影化烟涛。	18	3	32	5				2	100	1	1000		1	0				3	ride_card
神兽	周身赤红，四蹄生风，奔若惊雷，影化烟涛。	18	3	32	6				2	100	1	1000		1	0				4	ride_card
九色鹿	额镶月牙，神色庄重，身姿俊美，蹄落生花。	18	3	33	1				2	100	1	1000		1	0				1	ride_card
九色鹿	额镶月牙，神色庄重，身姿俊美，蹄落生花。	18	3	33	2				2	100	1	1000		1	0				2	ride_card
九色鹿	额镶月牙，神色庄重，身姿俊美，蹄落生花。	18	3	33	3				2	100	1	1000		1	0				2	ride_card
九色鹿	额镶月牙，神色庄重，身姿俊美，蹄落生花。	18	3	33	4				2	100	1	1000		1	0				3	ride_card
九色鹿	额镶月牙，神色庄重，身姿俊美，蹄落生花。	18	3	33	5				2	100	1	1000		1	0				3	ride_card
九色鹿	额镶月牙，神色庄重，身姿俊美，蹄落生花。	18	3	33	6				2	100	1	1000		1	0				4	ride_card
火麒麟	鳞生利刃，口吐烈焰，怒啸九天，地动山摇。	18	3	34	1				2	100	1	1000		1	0				1	ride_card
火麒麟	鳞生利刃，口吐烈焰，怒啸九天，地动山摇。	18	3	34	2				2	100	1	1000		1	0				2	ride_card
火麒麟	鳞生利刃，口吐烈焰，怒啸九天，地动山摇。	18	3	34	3				2	100	1	1000		1	0				2	ride_card
火麒麟	鳞生利刃，口吐烈焰，怒啸九天，地动山摇。	18	3	34	4				2	100	1	1000		1	0				3	ride_card
火麒麟	鳞生利刃，口吐烈焰，怒啸九天，地动山摇。	18	3	34	5				2	100	1	1000		1	0				3	ride_card
火麒麟	鳞生利刃，口吐烈焰，怒啸九天，地动山摇。	18	3	34	6				2	100	1	1000		1	0				4	ride_card
夜辰豹	色如墨玉，目露寒光，昼伏夜出，潜行无声。	18	3	35	1				2	100	1	1000		1	0				1	ride_card
夜辰豹	色如墨玉，目露寒光，昼伏夜出，潜行无声。	18	3	35	2				2	100	1	1000		1	0				2	ride_card
夜辰豹	色如墨玉，目露寒光，昼伏夜出，潜行无声。	18	3	35	3				2	100	1	1000		1	0				2	ride_card
夜辰豹	色如墨玉，目露寒光，昼伏夜出，潜行无声。	18	3	35	4				2	100	1	1000		1	0				3	ride_card
夜辰豹	色如墨玉，目露寒光，昼伏夜出，潜行无声。	18	3	35	5				2	100	1	1000		1	0				3	ride_card
夜辰豹	色如墨玉，目露寒光，昼伏夜出，潜行无声。	18	3	35	6				2	100	1	1000		1	0				4	ride_card
神兽	任务专用，自动使用坐骑	18	3	36	1				2	100	1	1000		1	0				1	task_ride_card			18	3	32	1
九色鹿	任务专用，自动使用坐骑	18	3	37	1				2	100	1	1000		1	0				1	task_ride_card			18	3	33	1
火麒麟	任务专用，自动使用坐骑	18	3	38	1				2	100	1	1000		1	0				1	task_ride_card			18	3	34	1
夜辰豹	任务专用，自动使用坐骑	18	3	39	1				2	100	1	1000		1	0				1	task_ride_card			18	3	35	1
加菲猫	色如墨玉，目露寒光，昼伏夜出，潜行无声。	18	3	40	1				2	100	1	1000		1	0				1	ride_card
恐龙	色如墨玉，目露寒光，昼伏夜出，潜行无声。	18	3	41	1				2	100	1	1000		1	0				1	ride_card
雪豹	色如墨玉，目露寒光，昼伏夜出，潜行无声。	18	3	42	1				2	100	1	1000		1	0				1	ride_card
大剑	色如墨玉，目露寒光，昼伏夜出，潜行无声。	18	3	43	1				2	100	1	1000		1	0				1	ride_card
玉如意	色如墨玉，目露寒光，昼伏夜出，潜行无声。	18	3	44	1				2	100	1	1000		1	0				1	ride_card
龙	色如墨玉，目露寒光，昼伏夜出，潜行无声。	18	3	45	1				2	100	1	1000		1	0				1	ride_card
