Name	Desc	Genre	DetailType	ParticularType	Icon	View	Intro	CurrencyType	Price	Stack	ItemValue	MakeCost	BindType	Valuable	CanTrade	CanDestroy	ReqLevel	Quality	ClassName	ForbidType	CDType	ExtParam1	ExtParam2	ExtParam3	ExtParam4	ExtParam5	ExtParam6	ExtParam7	ExtParam8	ExtParam9	ExtParam10	帮助
布项圈	喊话~扭腰~卖萌专用！	24	1	1	items/item_xoyocard.unity3d		右键点击使用	2	50	1	1000		1	0			1	2							1363	1	0	803				ExtParam7:对应的神仙id
丝绸项圈	喊话~扭腰~卖萌专用！	24	1	2			右键点击使用	2	100	1	1000		1	0			1	3								2	1	803				ExtParam6：对应的装备槽
精铁佩剑	喊话~扭腰~卖萌专用！	24	1	3			右键点击使用	2	50	1	1000		1	0			1	2								3	2	803				ExtParam5:对应的数值索引（奖励数值表里的Level）
龙纹佩剑	喊话~扭腰~卖萌专用！	24	1	4			右键点击使用	2	100	1	1000		1	0			1	3								4	3	803				ExtParam4：对应的挂件id
木斗笠	喊话~扭腰~卖萌专用！	24	1	5			右键点击使用	2	50	1	1000		1	0			1	2								5	4	803
湘竹斗笠	喊话~扭腰~卖萌专用！	24	1	6			右键点击使用	2	100	1	1000		1	0			1	3								6	5	803
精铁短棍	喊话~扭腰~卖萌专用！	24	1	7			右键点击使用	2	50	1	1000		1	0			1	2								7	6	803
陨铁短棍	喊话~扭腰~卖萌专用！	24	1	8			右键点击使用	2	100	1	1000		1	0			1	3										803
真丝羽衣	喊话~扭腰~卖萌专用！	24	1	9			右键点击使用	2	50	1	1000		1	0			1	2										803
金缕羽衣	喊话~扭腰~卖萌专用！	24	1	10			右键点击使用	2	100	1	1000		1	0			1	3										803
霸王腰带	喊话~扭腰~卖萌专用！	24	1	11			右键点击使用	2	50	1	1000		1	0			1	2										803
龙鳞腰带	喊话~扭腰~卖萌专用！	24	1	12			右键点击使用	2	100	1	1000		1	0			1	3										803
布肚兜	喊话~扭腰~卖萌专用！	24	1	13			右键点击使用	2	50	1	1000		1	0			1	2										803
刺绣肚兜	喊话~扭腰~卖萌专用！	24	1	14			右键点击使用	2	100	1	1000		1	0			1	3										803
铁发箍	喊话~扭腰~卖萌专用！	24	1	15			右键点击使用	2	50	1	1000		1	0			1	2										803
镂空金箍	喊话~扭腰~卖萌专用！	24	1	16			右键点击使用	2	100	1	1000		1	0			1	3										803
