ID	Name	Desc	Persist	Group	Level	Position	Debuff	Category	Category1	Category2	SkillMagnification	Grow	K	GroundBuff	BuffDelayFrame	Stack	Precond	Sync	Save	Death	Plus	NeedAgree	BuffRelation	BuffRadius	BuffEffectNum	Etimer1	Etimer2	Etimer3	Etimer4	Etimer5	Etrigger1	Etrigger2	Etrigger3	Etrigger4	Etrigger5	IfUseSkillLv	EffectMapType
buffID	buff名字	buff描述	buff时间(-1代表永久，16为1秒),大概是特效的播放时间	"buff类
默认为0"	buff等级	"buff触发位置
0:对自己加
1:对敌人加"	"buff类别
1:其他有害buff,
2:一次性伤害
3:流血
4:控制
5:增益"	"buff叠加规则
同一类填相同id"	"当有相同buff再添加buff时的叠加规则
1:刷新buff时间
2:新来的强制替换
3:不替换，继续用原来buff
4:叠加剩余时间"	都填1	暂时无用	暂时无用	暂时无用	是否地面buffer	buff的延迟生效时间	叠加层数,填多点	"buff的前置条件判断
暂时无用"	"是否同步到客户端

如果fightskill填了TargetPendant1Id挂件特效，这里填0"	是否下线保存	死亡是否保留	"buff能否被点掉
暂时无用"	"是否需求确认
暂时无用"	"buff影响目标类型
1:自己
2:友方
3:敌人
4:队友"	buff影响范围	buff影响数量	效果参数	效果参数	效果参数	效果参数	效果参数	效果参数	效果参数	效果参数	效果参数	效果参数	暂时无用	生效的地图类型（对应scenelist.txt里的classname）表示只在某种场景内生效，不填表示所有场景生效
1	近单	主角技能buff	32	1	1	1	2	1	2	1	0	0	0	0		1	None()	1	0	0	0	0	3	0	1	12										1	
3	近群1	主角技能buff	32	1	1	0	2	3	2	1	0	0	0	0		1	None()	1	0	0	0	0	1	0	1	9										1	
9	近群2	主角技能buff	24	1	1	1	2	9	2	1	0	0	0	0		1	None()	1	0	0	0	0	3	5	10	13										1	
20	近群3	主角技能buff	24	1	1	1	2	20	2	1	0	0	0	0		1	None()	1	0	0	0	0	3	0	1	1										1	
6	近控	主角技能buff	60	0	1	1	2	6	2	1	0	0	0	0		1	None()	1	0	0	0	0	3	0	1	11										1	
2	远单	主角技能buff	32	0	1	1	2	2	2	1	0	0	0	0		1	None()	1	0	0	0	0	3	0	1	1										1	
4	远群1	主角技能buff	40	0	1	1	2	4	2	1	0	0	0	0		1	None()	1	0	0	0	0	3	0	1	26										1	
19	远群2	主角技能buff	32	1	1	1	2	19	2	1	0	0	0	0		1	None()	0	0	0	0	0	3	5	10	25										1	
5	远控1	主角技能buff	16	0	1	1	2	5	2	1	0	0	0	1		1	None()	1	0	0	0	0	3	3	3	27										1	
8	远控2	主角技能buff	48	0	1	1	4	8	2	1	0	0	0	0		1	None()	1	0	0	0	0	3	0	1	8										1	
7	近战必杀1	主角技能buff	40	1	1	1	2	7	2	1	0	0	0	0		1	None()	1	0	0	0	0	3	0	1	22										1	
10	近战必杀2	主角技能buff	32	1	1	1	2	10	2	1	0	0	0	0		1	None()	1	0	0	0	0	3	5	15	16										1	
27	近战必杀3	主角技能buff	24	1	1	1	2	27	2	1	0	0	0	0		1	None()	1	0	0	0	0	3	0	1	1										1	
28	远程必杀1	主角技能buff	40	0	1	1	2	28	2	1	0	0	0	0		1	None()	1	0	0	0	0	3	0	1	29										1	
29	远程必杀2	主角技能buff	32	1	1	1	2	29	2	1	0	0	0	0		1	None()	0	0	0	0	0	3	5	10	30										1	
11	回血	主角技能buff	160	1	1	0	5	11	2	1	0			0		100000	None()	1	0	0	0	0	1	0	1	14										1	
12	回蓝	主角技能buff	160	1	1	0	5	12	2	1	0			0		100000	None()	1	0	0	0	0	1	0	1	15										1	
13	近单-减血	主角技能 减血	160	0	1	1	3	13	1	1	0	0	0	0		100000	None()	1	0	0	0	0	3	0	1	17										1	
14	近群-加暴击值	主角技能 加暴击值	160	0	1	0	5	14	1	1	0	0	0	0		100000	None()	1	0	0	0	0	1	0	1	18										1	
15	远单-减血	主角技能 减血	160	0	1	1	3	13	1	1	0	0	0	0		100000	None()	1	0	0	0	0	3	0	1	17										1	
16	远群-加暴击值	主角技能 加暴击值	160	0	1	0	5	16	1	1	0	0	0	0		100000	None()	1	0	0	0	0	1	0	1	20										1	
17	远必-扣蓝	主角技能 扣蓝	160	0	1	1	2	17	1	1	0	0	0	0		100000	None()	1	0	0	0	0	3	0	1	21										1	
18	近必-扣蓝	主角技能 扣蓝	160	0	1	1	2	17	1	1	0	0	0	0		100000	None()	1	0	0	0	0	3	0	1	21										1	
25	大神必杀	大神技能buff	48	1	1	1	3	25	2	1	0	0	0	0		1	None()	1	0	0	0	0	3	5	15	10										1	
26	大神近群	大神技能buff	16	1	1	1	2	26	2	1	0	0	0	0		1	None()	1	0	0	0	0	3	5	15	1										1	
35	近控1	主角技能buff	32	0	1	1	2	35	2	1	0	0	0	1		1	None()	1	0	0	0	0	3	4	3	35										1	
36	近控2	主角技能buff	48	0	1	1	4	36	2	1	0	0	0	0		1	None()	1	0	0	0	0	3	0	1	11										1	
37	跳砸	主角技能buff	60	0	1	1	4	6	2	1	0	0	0	1		1	None()	1	0	0	0	0	3	3	3	37										1	
205	世界boss	世界boss	16	1	1	1	2	205	1	1	0	0	0	0		100000	None()	1	0	0	0	0	3	0	1	205										1	
206	世界boss 小怪近战普攻	世界boss	16	1	1	1	2	206	1	1	0	0		0		100000	None()	1	0	0	0	0	3	0	1	206										1	
207	大胖子 普通攻击	世界boss	16	1	1	1	2	207	1	1	0	0		0		100000	None()	1	0	0	0	0	3	0	1	207										1	
208	大胖子 群攻中转	世界boss	8	0	1	1	3	208	1	1	0	0	0	1		100000	None()	1	0	0	0	0	3	7	10						150	151				1	
209	大胖子 群攻伤害	世界boss	48	0	1	1	3	209	1	1	0	0	0	1		100000	None()	1	0	0	0	0	3	0	1	208										1	
220	魔兵	伐魔塔1层	32	1	1	1	2	220	1	1	0	0		0		100000	None()	1	0	0	0	0	3	0	1	3000										1	
221	白脸鬼	伐魔塔2层	32	1	1	1	2	221	1	1	0	0		0		100000	None()	1	0	0	0	0	3	0	1	3001										1	
222	黑脸鬼	伐魔塔3层	32	1	1	1	2	222	1	1	0	0		0		100000	None()	1	0	0	0	0	3	0	1	3002										1	
223	鱼怪	伐魔塔4层	32	1	1	1	2	223	1	1	0	0		0		100000	None()	1	0	0	0	0	3	0	1	3003										1	
224	怪盗小李	伐魔塔5层	32	1	1	1	2	224	1	1	0	0		0		100000	None()	1	0	0	0	0	3	0	1	3004										1	
225	河妖	伐魔塔6层	32	1	1	1	2	225	1	1	0	0		0		100000	None()	1	0	0	0	0	3	0	1	3005										1	
226	恶霸	伐魔塔7层	32	1	1	1	2	226	1	1	0	0		0		100000	None()	1	0	0	0	0	3	0	1	3006										1	
227	狂暴者	伐魔塔8层	32	1	1	1	2	227	1	1	0	0		0		100000	None()	1	0	0	0	0	3	0	1	3007										1	
229	强盗	伐魔塔9层	32	1	1	1	2	229	1	1	0	0		0		100000	None()	1	0	0	0	0	3	0	1	3009										1	
228	邪恶大土豪	伐魔塔10层	32	1	1	1	2	228	1	1	0	0		0		100000	None()	1	0	0	0	0	3	0	1	3008										1	
230	毒虫	伐魔塔11层	32	1	1	1	2	230	1	1	0	0		0		100000	None()	1	0	0	0	0	3	0	1	3010										1	
231	熊精	伐魔塔12层	32	1	1	1	2	231	1	1	0	0		0		100000	None()	1	0	0	0	0	3	0	1	3011										1	
232	年兽	伐魔塔13层	32	1	1	1	2	232	1	1	0	0		0		100000	None()	1	0	0	0	0	3	0	1	3012										1	
233	毒蜘蛛	伐魔塔14层	32	1	1	1	2	233	1	1	0	0		0		100000	None()	1	0	0	0	0	3	0	1	3013										1	
234	牛魔王	伐魔塔15层	32	1	1	1	2	234	1	1	0	0		0		100000	None()	1	0	0	0	0	3	0	1	3014										1	
235	蟾蜍	伐魔塔16层	32	1	1	1	2	235	1	1	0	0		0		100000	None()	1	0	0	0	0	3	0	1	3015										1	
236	怪盗小李	伐魔塔17层	32	1	1	1	2	236	1	1	0	0		0		100000	None()	1	0	0	0	0	3	0	1	3016										1	
237	牛兵	伐魔塔18层	32	1	1	1	2	237	1	1	0	0		0		100000	None()	1	0	0	0	0	3	0	1	3017										1	
238	哮天犬	伐魔塔19层	32	1	1	1	2	238	1	1	0	0		0		100000	None()	1	0	0	0	0	3	0	1	3018										1	
239	西域飞龙	伐魔塔20层	32	1	1	1	2	239	1	1	0	0		0		100000	None()	1	0	0	0	0	3	0	1	3019										1	
240	黑老鸦	伐魔塔21层	32	1	1	1	2	240	1	1	0	0		0		100000	None()	1	0	0	0	0	3	0	1	3020										1	
241	鸟人	伐魔塔22层	32	1	1	1	2	241	1	1	0	0		0		100000	None()	1	0	0	0	0	3	0	1	3021										1	
242	猕猴	伐魔塔23层	32	1	1	1	2	242	1	1	0	0		0		100000	None()	1	0	0	0	0	3	0	1	3022										1	
243	江湖人士	伐魔塔24层	32	1	1	1	2	243	1	1	0	0		0		100000	None()	1	0	0	0	0	3	0	1	3023										1	
244	<color=green>[精英]大巨人	伐魔塔25层	32	1	1	1	2	244	1	1	0	0		0		100000	None()	1	0	0	0	0	3	0	1	3024										1	
245	毒箭兵	伐魔塔26层	32	1	1	1	2	245	1	1	0	0		0		100000	None()	1	0	0	0	0	3	0	1	3025										1	
246	熔岩怪	伐魔塔27层	32	1	1	1	2	246	1	1	0	0		0		100000	None()	1	0	0	0	0	3	0	1	3026										1	
247	鬼魂	伐魔塔28层	32	1	1	1	2	247	1	1	0	0		0		100000	None()	1	0	0	0	0	3	0	1	3027										1	
248	食人花	伐魔塔29层	32	1	1	1	2	248	1	1	0	0		0		100000	None()	1	0	0	0	0	3	0	1	3028										1	
249	<color=green>[boss]右封印将军	伐魔塔30层	32	1	1	1	2	249	1	1	0	0		0		100000	None()	1	0	0	0	0	3	0	1	3029										1	
250	黑老鸦	伐魔塔31层	32	1	1	1	2	250	1	1	0	0		0		100000	None()	1	0	0	0	0	3	0	1	3029										1	
251	鸟人	伐魔塔32层	32	1	1	1	2	251	1	1	0	0		0		100000	None()	1	0	0	0	0	3	0	1	3029										1	
252	猕猴	伐魔塔33层	32	1	1	1	2	252	1	1	0	0		0		100000	None()	1	0	0	0	0	3	0	1	3029										1	
253	江湖人士	伐魔塔34层	32	1	1	1	2	253	1	1	0	0		0		100000	None()	1	0	0	0	0	3	0	1	3029										1	
254	<color=green>[精英]大巨人	伐魔塔35层	32	1	1	1	2	254	1	1	0	0		0		100000	None()	1	0	0	0	0	3	0	1	3029										1	
255	毒箭兵	伐魔塔36层	32	1	1	1	2	255	1	1	0	0		0		100000	None()	1	0	0	0	0	3	0	1	3029										1	
256	熔岩怪	伐魔塔37层	32	1	1	1	2	256	1	1	0	0		0		100000	None()	1	0	0	0	0	3	0	1	3029										1	
257	鬼魂	伐魔塔38层	32	1	1	1	2	257	1	1	0	0		0		100000	None()	1	0	0	0	0	3	0	1	3029										1	
258	食人花	伐魔塔39层	32	1	1	1	2	258	1	1	0	0		0		100000	None()	1	0	0	0	0	3	0	1	3029										1	
259	<color=green>[boss]右封印将军	伐魔塔40层	32	1	1	1	2	259	1	1	0	0		0		100000	None()	1	0	0	0	0	3	0	1	3029										1	
260	黑老鸦	伐魔塔41层	32	1	1	1	2	260	1	1	0	0		0		100000	None()	1	0	0	0	0	3	0	1	3029										1	
261	鸟人	伐魔塔42层	32	1	1	1	2	261	1	1	0	0		0		100000	None()	1	0	0	0	0	3	0	1	3029										1	
262	猕猴	伐魔塔43层	32	1	1	1	2	262	1	1	0	0		0		100000	None()	1	0	0	0	0	3	0	1	3029										1	
263	江湖人士	伐魔塔44层	32	1	1	1	2	263	1	1	0	0		0		100000	None()	1	0	0	0	0	3	0	1	3029										1	
264	<color=green>[精英]大巨人	伐魔塔45层	32	1	1	1	2	264	1	1	0	0		0		100000	None()	1	0	0	0	0	3	0	1	3029										1	
265	毒箭兵	伐魔塔46层	32	1	1	1	2	265	1	1	0	0		0		100000	None()	1	0	0	0	0	3	0	1	3029										1	
266	熔岩怪	伐魔塔47层	32	1	1	1	2	266	1	1	0	0		0		100000	None()	1	0	0	0	0	3	0	1	3029										1	
267	鬼魂	伐魔塔48层	32	1	1	1	2	267	1	1	0	0		0		100000	None()	1	0	0	0	0	3	0	1	3029										1	
268	食人花	伐魔塔49层	32	1	1	1	2	268	1	1	0	0		0		100000	None()	1	0	0	0	0	3	0	1	3029										1	
269	<color=green>[boss]右封印将军	伐魔塔50层	32	1	1	1	2	269	1	1	0	0		0		100000	None()	1	0	0	0	0	3	0	1	3029										1	
270	黑老鸦	伐魔塔51层	32	1	1	1	2	270	1	1	0	0		0		100000	None()	1	0	0	0	0	3	0	1	3029										1	
271	鸟人	伐魔塔52层	32	1	1	1	2	271	1	1	0	0		0		100000	None()	1	0	0	0	0	3	0	1	3029										1	
272	猕猴	伐魔塔53层	32	1	1	1	2	272	1	1	0	0		0		100000	None()	1	0	0	0	0	3	0	1	3029										1	
273	江湖人士	伐魔塔54层	32	1	1	1	2	273	1	1	0	0		0		100000	None()	1	0	0	0	0	3	0	1	3029										1	
274	<color=green>[精英]大巨人	伐魔塔55层	32	1	1	1	2	274	1	1	0	0		0		100000	None()	1	0	0	0	0	3	0	1	3029										1	
275	毒箭兵	伐魔塔56层	32	1	1	1	2	275	1	1	0	0		0		100000	None()	1	0	0	0	0	3	0	1	3029										1	
276	熔岩怪	伐魔塔57层	32	1	1	1	2	276	1	1	0	0		0		100000	None()	1	0	0	0	0	3	0	1	3029										1	
277	鬼魂	伐魔塔58层	32	1	1	1	2	277	1	1	0	0		0		100000	None()	1	0	0	0	0	3	0	1	3029										1	
278	食人花	伐魔塔59层	32	1	1	1	2	278	1	1	0	0		0		100000	None()	1	0	0	0	0	3	0	1	3029										1	
279	<color=green>[boss]右封印将军	伐魔塔60层	32	1	1	1	2	279	1	1	0	0		0		100000	None()	1	0	0	0	0	3	0	1	3029										1	
400	圆月狂刀 普通	世界boss	32	0	1	1	2	400	2	1	0	0		0		1	None()	1	0	0	0	0	3	0	1	2000										1	
401	圆月狂刀 加攻击buff1	世界boss	32	0	1	0	5	401	2	1	0	0		0		1	None()	1	0	0	0	0	1	0	1	2001										1	
416	圆月狂刀 加攻击buff2	世界boss	160	0	1	0	5	416	2	1	0	0		0		1	None()	1	0	0	0	0	1	0	1	2016										1	
402	圆月狂刀 一次性群攻1	世界boss	48	0	1	0	2	402	2	1	0	0		0		1	None()	1	0	0	0	0	3	0	1	2002										1	
403	圆月狂刀 一次性群攻2	世界boss	48	0	1	1	2	403	2	1	0	0		0		1	None()	1	0	0	0	0	3	10	100	2003										1	
404	鲁大深 普通	世界boss	32	0	1	1	2	404	2	1	0	0		0		1	None()	1	0	0	0	0	3	0	1	2004										1	
405	鲁大深 加防御buff1	世界boss	32	0	1	0	5	405	2	1	0	0		0		1	None()	1	0	0	0	0	1	0	1	2005										1	
417	鲁大深 加防御buff2	世界boss	160	0	1	0	5	417	2	1	0	0		0		1	None()	1	0	0	0	0	1	0	1	2017										1	
406	鲁大深 一次性群攻1	世界boss	48	0	1	0	2	406	2	1	0	0		0		1	None()	1	0	0	0	0	3	0	1	2006										1	
407	鲁大深 一次性群攻2	世界boss	48	0	1	1	2	407	2	1	0	0		0		1	None()	1	0	0	0	0	3	10	100	2007										1	
408	妖僧 普通	世界boss	32	0	1	1	2	408	2	1	0	0		0		1	None()	1	0	0	0	0	3	0	1	2008										1	
409	妖僧 加暴击buff1	世界boss	32	0	1	0	5	409	2	1	0	0		0		1	None()	1	0	0	0	0	1	0	1	2009										1	
418	妖僧 加暴击buff2	世界boss	160	0	1	0	5	418	2	1	0	0		0		1	None()	1	0	0	0	0	1	0	1	2018										1	
410	妖僧 持续群攻1	世界boss	48	0	1	0	2	410	2	1	0	0		0		1	None()	1	0	0	0	0	3	0	1	2010										1	
411	妖僧 持续群攻2	世界boss	48	0	1	1	2	411	2	1	0	0		0		1	None()	1	0	0	0	0	3	10	100	2011										1	
412	武痴 普通	世界boss	32	0	1	1	2	412	2	1	0	0		0		1	None()	1	0	0	0	0	3	0	1	2012										1	
413	武痴 加攻击buff1	世界boss	32	0	1	0	5	413	2	1	0	0		0		1	None()	1	0	0	0	0	1	0	1	2013										1	
419	武痴 加攻击buff2	世界boss	160	0	1	0	5	419	2	1	0	0		0		1	None()	1	0	0	0	0	1	0	1	2519										1	
414	武痴 持续群攻1	世界boss	48	0	1	0	2	414	2	1	0	0		0		1	None()	1	0	0	0	0	3	0	1	2014										1	
415	武痴 持续群攻2	世界boss	48	0	1	1	2	415	2	1	0	0		0		1	None()	1	0	0	0	0	3	10	100	2015										1	
450	一层boss 普攻	战宝堂	32	0	1	1	2	400	2	1	0	0		0		1	None()	1	0	0	0	0	3	0	1	2500										1	
451	一层boss 群攻1	战宝堂	32	0	1	1	2	400	2	1	0	0		0		1	None()	1	0	0	0	0	3	0	1	2501										1	
452	一层boss 群攻2	战宝堂	32	0	1	1	2	400	2	1	0	0		0		1	None()	1	0	0	0	0	3	0	1	2502										1	
453	二层boss 普攻	战宝堂	32	0	1	1	2	400	2	1	0	0		0		1	None()	1	0	0	0	0	3	0	1	2503										1	
454	二层boss 群攻1	战宝堂	32	0	1	1	2	400	2	1	0	0		0		1	None()	1	0	0	0	0	3	0	1	2504										1	
455	二层boss 群攻2	战宝堂	32	0	1	1	2	400	2	1	0	0		0		1	None()	1	0	0	0	0	3	0	1	2505										1	
456	三层boss 普攻	战宝堂	32	0	1	1	2	400	2	1	0	0		0		1	None()	1	0	0	0	0	3	0	1	2506										1	
457	三层boss 群攻1	战宝堂	32	0	1	1	2	400	2	1	0	0		0		1	None()	1	0	0	0	0	3	0	1	2507										1	
458	三层boss 群攻2	战宝堂	32	0	1	1	2	400	2	1	0	0		0		1	None()	1	0	0	0	0	3	0	1	2508										1	
459	护卫兵	战宝堂	16	1	1	1	2	206	2	1	0	0		0		1	None()	1	0	0	0	0	3	0	1	2509										1	
500	攻击丹加攻(+1)	道具buff	-1	1	1	0	5	500	1	1	0	0	0	0		100000	None()	1	1	0	0	0	1	0	1	310										1	
501	攻击丹加攻(+5)	道具buff	-1	1	1	0	5	501	1	1	0	0	0	0		100000	None()	1	1	0	0	0	1	0	1	311										1	
502	攻击丹加攻(+10)	道具buff	-1	1	1	0	5	502	1	1	0	0	0	0		100000	None()	1	1	0	0	0	1	0	1	312										1	
503	生命丹加生(+50)	道具buff	-1	1	1	0	5	503	1	1	0	0	0	0		100000	None()	1	1	0	0	0	1	0	1	313										1	
504	生命丹加生(+100)	道具buff	-1	1	1	0	5	504	1	1	0	0	0	0		100000	None()	1	1	0	0	0	1	0	1	314										1	
505	生命丹加生(+200)	道具buff	-1	1	1	0	5	505	1	1	0	0	0	0		100000	None()	1	1	0	0	0	1	0	1	315										1	
506	暴击丹加爆(+1)	道具buff	-1	1	1	0	5	506	1	1	0	0	0	0		100000	None()	1	1	0	0	0	1	0	1	316										1	
507	暴击丹加爆(+5)	道具buff	-1	1	1	0	5	507	1	1	0	0	0	0		100000	None()	1	1	0	0	0	1	0	1	317										1	
508	暴击丹加爆(+10)	道具buff	-1	1	1	0	5	508	1	1	0	0	0	0		100000	None()	1	1	0	0	0	1	0	1	318										1	
509	防御丹加防(+1)	道具buff	-1	1	1	0	5	509	1	1	0	0	0	0		100000	None()	1	1	0	0	0	1	0	1	319										1	
510	防御丹加防(+9)	道具buff	-1	1	1	0	5	510	1	1	0	0	0	0		100000	None()	1	1	0	0	0	1	0	1	320										1	
511	防御丹加防(+17)	道具buff	-1	1	1	0	5	511	1	1	0	0	0	0		100000	None()	1	1	0	0	0	1	0	1	321										1	
512	抗暴丹加抗(+1)	道具buff	-1	1	1	0	5	512	1	1	0	0	0	0		100000	None()	1	1	0	0	0	1	0	1	322										1	
513	抗暴丹加抗(+7)	道具buff	-1	1	1	0	5	513	1	1	0	0	0	0		100000	None()	1	1	0	0	0	1	0	1	323										1	
514	抗暴丹加抗(+13)	道具buff	-1	1	1	0	5	514	1	1	0	0	0	0		100000	None()	1	1	0	0	0	1	0	1	324										1	
515	闪避丹加闪(+1)	道具buff	-1	1	1	0	5	515	1	1	0	0	0	0		100000	None()	1	1	0	0	0	1	0	1	325										1	
516	闪避丹加闪(+5)	道具buff	-1	1	1	0	5	516	1	1	0	0	0	0		100000	None()	1	1	0	0	0	1	0	1	326										1	
517	闪避丹加闪(+12)	道具buff	-1	1	1	0	5	517	1	1	0	0	0	0		100000	None()	1	1	0	0	0	1	0	1	327										1	
518	命中丹加命(+1)	道具buff	-1	1	1	0	5	518	1	1	0	0	0	0		100000	None()	1	1	0	0	0	1	0	1	328										1	
519	命中丹加命(+5)	道具buff	-1	1	1	0	5	519	1	1	0	0	0	0		100000	None()	1	1	0	0	0	1	0	1	329										1	
520	命中丹加命(+10)	道具buff	-1	1	1	0	5	520	1	1	0	0	0	0		100000	None()	1	1	0	0	0	1	0	1	330										1	
700	升级	任务流程buff	160	0	1	0	5	700	2	1	0	0		0		10	None()	1	0	0	0	0		0	1											1	
701	完成任务	任务流程buff	32	0	1	0	5	701	2	1	0	0		0		10	None()	1	0	0	0	0		0	1											1	
702	主线任务	任务流程buff	-1	0	1	0	5	702	2	1	0	0		0		10	None()	1	0	0	0	0		0	1											1	
703	日常任务	任务流程buff	-1	0	1	0	5	703	2	1	0	0		0		10	None()	1	0	0	0	0		0	1											1	
704	支线任务	任务流程buff	-1	0	1	0	5	704	2	1	0	0		0		10	None()	1	0	0	0	0		0	1											1	
705	主线完成	任务流程buff	-1	0	1	0	5	705	2	1	0	0		0		10	None()	1	0	0	0	0		0	1											1	
706	日常完成	任务流程buff	-1	0	1	0	5	706	2	1	0	0		0		10	None()	1	0	0	0	0		0	1											1	
707	支线完成	任务流程buff	-1	0	1	0	5	707	2	1	0	0		0		10	None()	1	0	0	0	0		0	1											1	
708	任务未完成	任务流程buff	-1	0	1	0	5	708	2	1	0	0		0		10	None()	1	0	0	0	0		0	1											1	
710	称号加血1	称号系统	-1	0	1	0	1	710	1	1	0	0	0	0		10000	None()	1	0	0	0	0	1	0	1	220										1	
711	称号加血2	称号系统	-1	0	1	0	1	711	1	1	0	0	0	0		10000	None()	1	0	0	0	0	1	0	1	221										1	
712	称号加血3	称号系统	-1	0	1	0	1	712	1	1	0	0	0	0		10000	None()	1	0	0	0	0	1	0	1	222										1	
713	称号加血4	称号系统	-1	0	1	0	1	713	1	1	0	0	0	0		10000	None()	1	0	0	0	0	1	0	1	223										1	
714	称号加血5	称号系统	-1	0	1	0	1	714	1	1	0	0	0	0		10000	None()	1	0	0	0	0	1	0	1	224										1	
715	称号加血6	称号系统	-1	0	1	0	1	715	1	1	0	0	0	0		10000	None()	1	0	0	0	0	1	0	1	225										1	
716	称号加血7	称号系统	-1	0	1	0	1	716	1	1	0	0	0	0		10000	None()	1	0	0	0	0	1	0	1	226										1	
717	称号加血8	称号系统	-1	0	1	0	1	717	1	1	0	0	0	0		10000	None()	1	0	0	0	0	1	0	1	227										1	
718	称号加血9	称号系统	-1	0	1	0	1	718	1	1	0	0	0	0		10000	None()	1	0	0	0	0	1	0	1	228										1	
719	称号加血10	称号系统	-1	0	1	0	1	719	1	1	0	0	0	0		10000	None()	1	0	0	0	0	1	0	1	229										1	
720	称号加攻击1	称号系统	-1	0	1	0	1	720	1	1	0	0	0	0		10000	None()	1	0	0	0	0	1	0	1	230										1	
721	称号加攻击2	称号系统	-1	0	1	0	1	721	1	1	0	0	0	0		10000	None()	1	0	0	0	0	1	0	1	231										1	
722	称号加攻击3	称号系统	-1	0	1	0	1	722	1	1	0	0	0	0		10000	None()	1	0	0	0	0	1	0	1	232										1	
723	称号加攻击4	称号系统	-1	0	1	0	1	723	1	1	0	0	0	0		10000	None()	1	0	0	0	0	1	0	1	233										1	
724	称号加暴击1	称号系统	-1	0	1	0	1	724	1	1	0	0	0	0		10000	None()	1	0	0	0	0	1	0	1	234										1	
725	称号加暴击2	称号系统	-1	0	1	0	1	725	1	1	0	0	0	0		10000	None()	1	0	0	0	0	1	0	1	235										1	
726	称号加暴击3	称号系统	-1	0	1	0	1	726	1	1	0	0	0	0		10000	None()	1	0	0	0	0	1	0	1	236										1	
727	称号加暴击4	称号系统	-1	0	1	0	1	727	1	1	0	0	0	0		10000	None()	1	0	0	0	0	1	0	1	237										1	
728	称号加防御1	称号系统	-1	0	1	0	1	728	1	1	0	0	0	0		10000	None()	1	0	0	0	0	1	0	1	238										1	
729	称号加防御2	称号系统	-1	0	1	0	1	729	1	1	0	0	0	0		10000	None()	1	0	0	0	0	1	0	1	239										1	
730	称号加防御3	称号系统	-1	0	1	0	1	730	1	1	0	0	0	0		10000	None()	1	0	0	0	0	1	0	1	240										1	
731	称号加防御4	称号系统	-1	0	1	0	1	731	1	1	0	0	0	0		10000	None()	1	0	0	0	0	1	0	1	241										1	
732	称号加抗暴1	称号系统	-1	0	1	0	1	732	1	1	0	0	0	0		10000	None()	1	0	0	0	0	1	0	1	242										1	
733	称号加抗暴2	称号系统	-1	0	1	0	1	733	1	1	0	0	0	0		10000	None()	1	0	0	0	0	1	0	1	243										1	
734	称号加抗暴3	称号系统	-1	0	1	0	1	734	1	1	0	0	0	0		10000	None()	1	0	0	0	0	1	0	1	244										1	
735	称号加抗暴4	称号系统	-1	0	1	0	1	735	1	1	0	0	0	0		10000	None()	1	0	0	0	0	1	0	1	245										1	
736	称号加闪避1	称号系统	-1	0	1	0	1	736	1	1	0	0	0	0		10000	None()	1	0	0	0	0	1	0	1	246										1	
737	称号加闪避2	称号系统	-1	0	1	0	1	737	1	1	0	0	0	0		10000	None()	1	0	0	0	0	1	0	1	247										1	
738	称号加闪避3	称号系统	-1	0	1	0	1	738	1	1	0	0	0	0		10000	None()	1	0	0	0	0	1	0	1	248										1	
739	称号加闪避4	称号系统	-1	0	1	0	1	739	1	1	0	0	0	0		10000	None()	1	0	0	0	0	1	0	1	249										1	
740	称号加命中1	称号系统	-1	0	1	0	1	740	1	1	0	0	0	0		10000	None()	1	0	0	0	0	1	0	1	250										1	
741	称号加命中2	称号系统	-1	0	1	0	1	741	1	1	0	0	0	0		10000	None()	1	0	0	0	0	1	0	1	251										1	
742	称号加命中3	称号系统	-1	0	1	0	1	742	1	1	0	0	0	0		10000	None()	1	0	0	0	0	1	0	1	252										1	
900	近战普攻（伤害加1）	任务副本buff	16	1	1	1	2	900	1	1	0	0		0		10000	None()	1	0	0	0	0	3	0	1	300										1	
901	近战普攻（伤害加50）	任务副本buff	16	1	1	1	2	901	1	1	0	0		0		10001	None()	1	0	0	0	0	3	0	1	301										1	
902	近战普攻（伤害加150）	任务副本buff	16	1	1	1	2	902	1	1	0	0		0		10002	None()	1	0	0	0	0	3	0	1	302										1	
903	近战普攻（伤害加400）	任务副本buff	16	1	1	1	2	903	1	1	0	0		0		10003	None()	1	0	0	0	0	3	0	1											1	
950	空虚公子大招1	任务副本buff	4	1	1	1	2	950	2	1	0	0	0	0		10000	None()	1	0	0	0	0	3	15	3	350										1	
951	空虚公子大招2	任务副本buff	48	0	1	1	2	951	2	1	0	0	0	0		10000	None()	1	0	0	0	0	3	0	1	351										1	
952	空虚公子大招3	任务副本buff	16	1	1	1	2	952	2	1	0	0	0	0		10000	None()	1	0	0	0	0	3	0	1	352										1	
953	空虚公子大招4	任务副本buff	32	1	1	1	2	953	2	1	0	0	0	1		10000	None()	1	0	0	0	0	3	4	3	353										1	
954	帮冰火玉米加攻击	任务副本buff	14400	1	1	1	5	954	3	1	0	0	0	0		10000	None()	1	0	0	0	0	2|4	100	1	721										1	
955	哪咤变身加攻1	任务副本buff	16	1	1	0	5	955	3	1	0	0	0	0		10000	None()	1	0	0	0	0	1	0	1	677										1	
956	哪咤变身加攻2	任务副本buff	28800	1	1	0	5	956	3	1	0	0	0	0		10000	None()	1	0	0	0	0	1	0	1	678										1	
957	哪咤大招	任务副本buff	16	1	1	1	2	957	3	1	0	0	0	0		10000	None()	1	0	0	0	0	3	0	1	12										1	
958	哪咤普攻	任务副本buff	16	1	1	1	2	958	3	1	0	0	0	0		10000	None()	1	0	0	0	0	3	0	1	1										1	
959	巨灵神旋转	任务副本buff	32	1	1	1	3	959	3	1	0	0	0	0		10000	None()	1	0	0	0	0	3	0	1	679										1	
960	二郎神回血	任务副本buff	32	1	1	1	3	960	3	1	0	0	0	0		10000	None()	1	0	0	0	0	3	0	1	679										1	
961	二郎神回血	任务副本buff	32	1	1	1	3	961	3	1	0	0	0	0		10000	None()	1	0	0	0	0	3	0	1	679										1	
962	二郎神坠地攻击	任务副本buff	16	1	1	1	2	962	2	1	0	0	0	0		100000	None()	1	0	0	0	0	3	0	1	680										1	
963	巨人侏儒大招	任务副本buff	32	1	1	1	5	963	2	1	0	0	0	0		1	None()	1	0	0	0	0	3	0	1	302	514									1	
964	邪恶牛魔王	任务副本buff	16	1	1	1	2	964	2	1	0	0	0	0		1	None()	1	0	0	0	0	3	0	1	301										1	
965	范围血量恢复1（困难副本）	任务副本buff	32	1	1	0	5	965	3	1	0	0	0	0		1	None()	1	0	0	0	0	2|4	20	8	404										1	
966	范围血量恢复2（困难副本）	任务副本buff	16	1	1	1	5	966	3	1	0	0	0	0		1	None()	1	0	0	0	0	2|4	0	1	405										1	
967	钓鱼翁大招	任务副本buff	16	1	1	1	2	967	2	1	0	0	0	0		100000	None()	1	0	0	0	0	3	0	1	302										1	
968	钓鱼翁普招	任务副本buff	16	1	1	1	2	968	2	1	0	0	0	0		100000	None()	1	0	0	0	0	3	0	1	301										1	
970	宝塔吸人	任务副本buff	1	0	1	0	2	970	2	1	0	0	0	0		100000	None()	1	0	0	0	0	1	0	1	407										1	
971	宝塔吸人	任务副本buff	1	0	1	0	4	971	2	1	0	0	0	0		100000	None()	1	0	0	0	0	1	0	1	408										1	
972	宝塔吸人	任务副本buff	1	0	1	1	4	972	2	1	0	0	0	0		100000	None()	1	0	0	0	0	3	40	12	409										1	
973	伤害BUFF1(帮自己)	任务副本buff	28800	0	1	0	5	973	3	1	0	0	0	0		1	None()	1	0	0	0	0	1	0	1	410										1	
974	伤害BUFF2（帮自己）	任务副本buff	28800	0	1	0	3	974	3	1	0	0	0	0		1	None()	1	0	0	0	0	3	3	5	411										1	
975	精英僵尸兵	任务副本buff	32	1	1	1	2	975	2	1	0	0	0	0		1	None()	1	0	0	0	0	3	0	1	303										1	
976	速度增加	任务副本buff	16	1	1	1	2	976	3	1	0	0	0	0		1	None()	1	0	0	0	0	3	6	3	412										1	
977	速度增加	任务副本buff	80	1	1	1	5	977	3	1	0	0	0	0		1	None()	1	0	0	0	0	3	0	1	413										1	
978	大范围击杀(金箍棒)	任务副本buff	16	1	1	0	2	978	2	1	0	0		0		10	None()	1	0	0	0	0	3	20	6	1										1	
979	火焰BUFF1(帮自己)	任务副本buff	28800	0	1	0	5	979	3	1	0	0	0	0		1	None()	1	0	0	0	0	1	0	1	415										1	
980	火焰BUFF2（帮自己）	任务副本buff	28800	0	1	0	3	980	3	1	0	0	0	0		1	None()	1	0	0	0	0	3	3	4	416										1	
999	小怪近战普攻（无攻击动作和无攻击力）	任务副本buff	16	1	1	1	2	999	2	1	0	0		0		10	None()	1	0	0	0	0	3	0	1											1	
1000	近战群攻	任务副本buff	32	1	1	1	2	1000	2	1	0	0	0	0		100000	None()	1	0	0	0	0	3	8	2	12										1	
1001	小怪近战普攻	任务副本buff	16	1	1	1	2	1001	2	1	0	0		0		1	None()	1	0	0	0	0	3	0	1	1										1	
1002	粉碎投掷目标	任务副本buff	16	1	1	1	2	1002	1	1	0	0		0		10	None()	1	0	0	0	0	3	0	1	1										1	
1003	粉碎投掷粉碎	任务副本buff	16	1	1	1	2	1003	1	1	0	0		0		10	None()	1	0	0	0	0	3	1.5	5	1										1	
1004	爪	任务副本buff	16	1	1	1	2	1004	1	1	0	0	0	0		100000	None()	1	0	0	0	0	3	0	1	1										1	
1005	定时冰雹	任务副本buff	8	0	1	0	5	1005	1	1	0	0	0	0		10	None()	1	0	0	0	0	1	5	10	7											
1006	寒冰乱舞.表现	任务副本buff	48	0	1	1	2	1006	2	1	0	0	0	1		10	None()	1	0	0	0	0	3	5	5											1	
1007	寒冰乱舞	任务副本buff	16	1	1	1	2	1007	2	1	0	0	0	1		10	None()	1	0	0	0	0	3	4	5	2										1	
1008	爆发提示	任务副本buff	32	0	1	1	3	1008	1	1	0	0	0	1		10	None()	1	0	0	0	0	3	3	1	1										1	
1009	龙卷天下	任务副本buff	80	0	1	1	3	1009	2	1	0	0	0	1		10	None()	1	0	0	0	0	3	5	5	303										1	
1010	一剑问天	任务副本buff	8	1	1	1	2	1010	2	1	0	0	0	0		10	None()	1	0	0	0	0	3	1	1	1										1	
1011	一剑问天.被击表现	任务副本buff	12	0	1	1	1	1011	2	1	0	0	0	0		10	None()	1	0	0	0	0	3	0	1											1	
1012	龙喷水被击	任务副本buff	32	1	1	1	2	1012	2	1	0	0	0	0		10	None()	1	0	0	0	0	3	1	1	1										1	
1013	龙喷水被击	任务副本buff	32	0	1	1	1	1013	2	1	0	0	0	0		10	None()	1	0	0	0	0	3	0	1											1	
1015	爆炸	任务副本buff	16	1	1	0	2	1015	2	1	0	0		0		10	None()	1	0	0	0	0	3	20	10	1										1	
1016	大爆炸	任务副本buff	16	1	1	0	2	1016	2	1	0	0		0		10	None()	1	0	1	0	0	1|2|3|4	4	3	1										1	
1017	冰冻陷阱1	任务副本buff	64	1	1	1	2	1017	3	1	0	0	0	0		1	None()	1	0	0	0	0	1|3	5	6	500										1	
1018	冰冻陷阱2	任务副本buff	64	1	1	1	4	1018	3	1	0	0	0	0		1	None()	1	0	0	0	0	3	0	1	501										1	
1019	伤害提升1	任务副本buff	32	0	1	0	5	1019	3	1	0	0	0	0		1	None()	1	0	0	0	0	1	0	1	502										1	
1020	伤害提升2	任务副本buff	28800	0	1	0	5	1020	3	1	0	0	0	0		1	None()	1	0	0	0	0	1	0	1	503										1	
1021	投掷减速	修仙	16	1	1	1	2	1021	3	1	0	0	0	0		1	None()	1	0	0	0	0	3	0	1	504										1	
1022	投掷减速	修仙	16	1	1	1	2	1022	3	1	0	0	0	1		1	None()	1	0	0	0	0	3	3	10	505										1	
1023	投掷减速	修仙	48	1	1	1	4	1023	3	1	0	0	0	0		1	None()	1	0	0	0	0	3	0	1	506										1	
1024	青蛙普通攻击	任务副本buff	16	1	1	1	2	1024	2	1	0	0		0		1	None()	1	0	0	0	0	3	0	1	1										1	
1025	青蛙坠地攻击	任务副本buff	32	1	1	1	2	1025	2	1	0	0	0	0		1	None()	1	0	0	0	0	3	0	1	304										1	
1026	石头炸开	任务副本buff	16	1	1	0	2	1026	2	1	0	0		0		10	None()	1	0	0	0	0	1|3	4	2	1										1	
1027	怪物自杀技能	任务副本buff	16	1	1	0	2	1027	2	1	0	0		0		10	None()	1	0	0	0	0	1	0	1	1										1	
1028	防御提升2	任务副本buff	32	1	1	0	5	1028	3	1	0	0	0	0		10	None()	1	0	0	0	0	2|4	20	8	507										1	
1029	防御提升3	任务副本buff	28800	1	1	1	5	1029	3	1	0	0	0	0		1	None()	1	0	0	0	0	2|4	0	1	508										1	
1030	大范围击杀	任务副本buff	16	1	1	0	2	1030	2	1	0	0		0		10	None()	1	0	0	0	0	3	5	6	1										1	
1031	空虚公子吹剑攻击	任务副本buff	16	0	1	1	1	1031	2	1	0	0	0	0		1	None()	1	0	0	0	0	3	0	1	300										1	
1032	红孩儿喷火攻击	任务副本buff	16	0	1	1	2	1032	2	1	0	0	0	0		1	None()	1	0	0	0	0	3	0	1	301										1	
1033	空虚公子大招3（没用）	任务副本buff	32	1	1	1	2	1033	2	1	0	0	0	1		10000	None()	1	0	0	0	0	3	4	5	511										1	
1034	投掷冰冻1	任务副本buff	16	1	1	1	4	1034	3	1	0	0	0	0		1	None()	1	0	0	0	0	3	0	1	512										1	
1035	投掷冰冻2	任务副本buff	16	1	1	1	4	1035	3	1	0	0	0	1		1	None()	1	0	0	0	0	3	3	10	513										1	
1036	投掷冰冻3	任务副本buff	48	1	1	1	4	1036	3	1	0	0	0	0		1	None()	1	0	0	0	0	3	0	1	514										1	
1037	天残脚普攻	任务副本buff	16	1	1	1	2	1037	2	1	0	0		0		10000	None()	1	0	0	0	0	3	0	1	300										1	
1038	天残脚暴击	任务副本buff	16	1	1	1	2	1038	2	1	0	0		0		10000	None()	1	0	0	0	0	3	0	1	301										1	
1039	天残脚大招1	任务副本buff	16	0	1	0	2	1039	2	1	0	0	0	0		10000	None()	1	0	0	0	0	3	0	1											1	
1040	天残脚大招2	任务副本buff	16	1	1	1	2	1040	2	1	0	0	0	0		10000	None()	1	0	0	0	0	3	0	1	517										1	
1041	天残脚大招3	任务副本buff	48	1	1	1	2	1041	2	1	0	0	0	1		10000	None()	1	0	0	0	0	3	10	5	519	400									1	
1042	牛魔王大招1	任务副本buff	32	1	1	0	2	1042	2	1	0	0	0	0		1	None()	1	0	0	0	0	3	0	1	515										1	
1043	牛魔王大招2	任务副本buff	48	1	1	0	3	1043	2	1	0	0	0	1		1	None()	1	0	0	0	0	3	4	5	516										1	
1044	二郎神绝招	任务副本buff	16	1	1	1	2	1044	2	1	0	0		0		10	None()	1	0	0	0	0	3	20	2	520										1	
1045	二郎神加血	任务副本buff	160	0	1	0	5	1045	1	1	0	0	0	0		10000	None()	1	0	0	0	0	1|2|4	0	1	521										1	
1046	火焰BUFF1(帮自己)	任务副本buff	28800	0	1	0	5	1046	3	1	0	0	0	0		1	None()	1	0	0	0	0	1	0	1	522										1	
1047	火焰BUFF2（帮自己）	任务副本buff	28800	0	1	0	3	1047	3	1	0	0	0	0		1	None()	1	0	0	0	0	3	3	4	523										1	
1048	西域飞龙大招1	任务副本buff	16	0	1	1	2	1048	2	1	0	0	0	0		10000	None()	1	0	0	0	0	3	0	1	401										1	
1049	西域飞龙大招2	任务副本buff	48	1	1	1	3	1049	2	1	0	0	0	1		10000	None()	1	0	0	0	0	3	4	1	402										1	
1050	西域飞龙喷火	任务副本buff	16	1	1	1	2	1050	2	1	0	0	0	0		10000	None()	1	0	0	0	0	3	0	1	1										1	
1051	范围血量恢复1	任务副本buff	32	1	1	0	5	1051	3	1	0	0	0	0		1	None()	1	0	0	0	0	2|4	20	8	524										1	
1052	范围血量恢复2	任务副本buff	16	1	1	1	5	1052	3	1	0	0	0	0		1	None()	1	0	0	0	0	2|4	0	1	525										1	
1053	石头炸开（巨人来袭）	任务副本buff	16	0	1	0	2	1053	1	1	0	0		0		10000	None()	1	0	0	0	0	1|3	10	4	1										1	
1054	怪物自杀技能	门派竞技	16	1	1	0	2	1054	2	1	0	0		0		10	None()	1	0	0	0	0	1	0	1	526										1	
1055	红孩儿大招	任务副本buff	16	1	1	1	2	1055	2	1	0	0		0		10	None()	1	0	0	0	0	3	0	1	302										1	
1056	牛魔王劈砍	任务副本buff	16	1	1	1	2	1056	2	1	0	0		0		10	None()	1	0	0	0	0	3	0	1	12										1	
1057	结晶爆炸1	任务副本buff	4	0	1	1	2	1057	2	1	0	0		0		10	None()	1	0	0	0	0	1|2|3|4	0	1	527										1	
1058	结晶爆炸2	任务副本buff	4	0	1	1	1	1058	2	1	0	0		0		10	None()	1	0	0	0	0	1|2|3|4	0	1	528										1	
1059	结晶爆炸3	任务副本buff	16	1	1	1	2	1059	2	1	0	0		1		10	None()	1	0	0	0	0	1|2|3|4	4	3	529										1	
1060	火焰BUFF1（帮别人）	任务副本buff	16	1	1	0	5	1060	2	1	0	0	0	0		10000	None()	1	0	0	0	0	2|4	50	1	530										1	fb
1061	火焰BUFF2（帮别人）	任务副本buff	28800	1	1	1	5	1061	2	1	0	0	0	0		10000	None()	1	0	0	0	0	2|4	0	1	531										1	fb
1062	火焰BUFF3（帮别人）	任务副本buff	28800	1	1	1	3	1062	3	1	0	0	0	0		10000	None()	1	0	0	0	0	3	4	5						152	153				1	fb
1063	火焰BUFF4（帮别人）	任务副本buff	28800	1	1	1	2	1063	3	1	0	0	0	0		1	None()	1	0	0	0	0	3	0	1	533										1	fb
1064	寒冰BUFF1（帮别人）	任务副本buff	16	1	1	0	5	1064	3	1	0	0	0	0		10000	None()	1	0	0	0	0	2|4	50	1	534										1	fb
1065	寒冰BUFF2（帮别人）	任务副本buff	28800	1	1	1	5	1065	3	1	0	0	0	0		10000	None()	1	0	0	0	0	2|4	0	1	535										1	fb
1066	寒冰BUFF3（帮别人）	任务副本buff	28800	1	1	1	3	1066	3	1	0	0	0	0		10000	None()	1	0	0	0	0	3	4	4						154					1	fb
1067	寒冰BUFF4（帮别人）	任务副本buff	800	1	1	1	4	1067	3	1	0	0	0	0		1	None()	1	0	0	0	0	3	0	1	537										1	fb
1068	巨人打人被击	任务副本buff	32	0	1	1	2	1068	3	1	0	0	0	0		1	None()	1	0	0	0	0	3	0	1	301										1	
1069	巨人喷火被击	任务副本buff	32	0	1	1	2	1069	3	1	0	0	0	0		1	None()	1	0	0	0	0	3	0	1	302										1	
1070	追踪火焰BUFF1(帮自己)	任务副本buff	28800	0	1	0	5	1070	3	1	0	0	0	0		10000	None()	1	0	0	0	0	1	0	1	538										1	
1071	追踪火焰BUFF2（帮自己）	任务副本buff	28800	0	1	0	3	1071	3	1	0	0	0	0		10000	None()	1	0	0	0	0	1|3	3	4	539										1	
1072	巨人召唤旋风1	任务副本buff	32	0	1	0	2	1072	3	1	0	0	0	0		10000	None()	1	0	0	0	0	2|4	60	1	540										1	
1073	巨人召唤旋风2	任务副本buff	32	0	1	1	2	1073	3	1	0	0	0	0		10000	None()	1	0	0	0	0	2|4	0	1	541										1	
1074	巨人范围吐气1（剧情需要）	任务副本buff	32	0	1	0	2	1074	3	1	0	0	0	0		1	None()	1	0	0	0	0	3	30	15	542										1	
1075	巨人范围吐气2（剧情需要）	任务副本buff	32	0	1	1	2	1075	3	1	0	0	0	0		1	None()	1	0	0	0	0	3	0	1	543										1	
1076	警示测试1	任务副本buff	48	0	1	1	2	1076	3	1	0	0	0	0		10000	None()	1	0	0	0	0	3	0	1											1	
1077	猕猴法师普攻	主角技能buff	32	0	1	1	2	1077	2	1	0	0	0	0		100000	None()	1	0	0	0	0	3	0	1	1										1	
1078	全体定身1	关卡buff-惊险	16	1	1	1	2	1078	3	1	0	0	0	1		10	None()	1	0	0	0	0	3	100	3	547										1	
1079	全体定身2	关卡buff-惊险	48	1	1	1	4	1079	3	1	0	0	0	0		1	None()	1	0	0	0	0	3	0	1	548										1	
1080	定时炸弹1	关卡buff-惊险	28800	0	1	0	5	1080	3	1	0	0	0	0		10000	None()	1	0	0	0	0	1	0	1	549										1	
1081	定时炸弹2	关卡buff-惊险	28800	0	1	0	3	1081	3	1	0	0	0	0		10000	None()	1	0	0	0	0	1	3	4	550										1	
1082	追踪自杀	关卡buff-惊险	16	1	1	0	2	1082	2	1	0	0		0		10	None()	1	0	0	0	0	1|3	4	2	1										1	
1083	2人保护1	关卡buff-惊险	16	1	1	1	2	1083	2	1	0	0	0	1		100	None()	1	0	0	0	0	3	100	2	551										1	
1084	2人保护2	关卡buff-惊险	80	1	1	1	5	1084	2	1	0	0	0	0		100	None()	1	0	0	0	0	3	0	1	552										1	
1085	巨石怪范围攻击	关卡buff-惊险	16	1	1	1	2	1085	2	1	0	0		0		10000	None()	1	0	0	0	0	3	7	3	301										1	
1089	巨石怪移动速度加快	关卡buff-惊险	16	1	1	0	5	1089	3	1	0	0	0	0		10	None()	1	0	0	0	0	1	0	1	553										1	
1090	巨石怪移动速度加快	关卡buff-惊险	160	1	1	0	5	1090	3	1	0	0	0	0		1	None()	1	0	0	0	0	1	0	1	554										1	
1091	巨石怪加防1	关卡buff-惊险	16	1	1	0	5	1091	3	1	0	0	0	0		10	None()	1	0	0	0	0	1	0	1	555										1	
1092	巨石怪加防2	关卡buff-惊险	230	1	1	0	5	1092	3	1	0	0	0	0		1	None()	1	0	0	0	0	1	0	1	556										1	
1093	巨石怪加血1	关卡buff-惊险	16	1	1	0	5	1093	3	1	0	0	0	0		100000	None()	1	0	0	0	0	1	0	1	557										1	
1094	巨石怪加血2	关卡buff-惊险	640	1	1	0	5	1094	3	1	0	0	0	0		100000	None()	1	0	0	0	0	1	0	1	558										1	
1095	巨石怪加攻1	关卡buff-惊险	16	1	1	0	5	1095	3	1	0	0	0	0		10	None()	1	0	0	0	0	1	0	1	559										1	
1096	巨石怪加攻2	关卡buff-惊险	28800	1	1	0	5	1096	3	1	0	0	0	0		1	None()	1	0	0	0	0	1	0	1	560										1	
1097	巨石怪暗杀队友1	关卡buff-惊险	1	1	1	0	2	1097	3	1	0	0	0	0		11000	None()	1	0	0	0	0	1	0	1	561										1	
1098	巨石怪暗杀队友2	关卡buff-惊险	1	1	1	1	2	1098	3	1	0	0	0	0		10000	None()	1	0	0	0	0	2|4	80	10	562										1	
1099	巨石怪暗杀队友3	关卡buff-惊险	1	1	1	1	2	1099	3	1	0	0	0	0		11000	None()	1	0	0	0	0	2|4	0	1	563										1	
1100	巨石怪撞人BUFF1(帮自己)	关卡buff-惊险	16	0	1	0	5	1100	3	1	0	0	0	0		10000	None()	1	0	0	0	0	1	0	1	593										1	
1101	巨石怪撞人BUFF2(帮自己)	关卡buff-惊险	160	0	1	0	3	1101	3	1	0	0	0	0		10000	None()	1	0	0	0	0	3	4	4	594	400									1	
1103	巨石怪撞人前晕人1(帮自己)	关卡buff-惊险	160	1	1	0	2	1103	3	1	0	0	0	0		1	None()	1	0	0	0	0	1	0	1	596										1	
1104	巨石怪撞人前晕人2(对地)	关卡buff-惊险	16	1	1	1	2	1104	3	1	0	0	0	1		1	None()	1	0	0	0	0	3	8	3	597										1	
1105	巨石怪撞人前晕人3(晕人)	关卡buff-惊险	54	1	1	1	4	1105	3	1	0	0	0	0		1	None()	1	0	0	0	0	3	0	1	598										1	
1106	巨石怪自己定自己	关卡buff-惊险	640	1	1	0	2	1106	3	1	0	0	0	0		1	None()	1	0	0	0	0	1	0	1	1085	1086									1	
1107	石龟加攻1	关卡buff-惊险	16	1	1	0	5	1107	3	1	0	0	0	0		10	None()	1	0	0	0	0	1	0	1	610										1	
1108	石龟加攻1	关卡buff-惊险	28800	1	1	0	5	1108	3	1	0	0	0	0		1	None()	1	0	0	0	0	1	0	1	611										1	
1110	巨石怪大招1	关卡buff-惊险	16	1	1	0	3	1110	2	1	0	0	0	0		1	None()	1	0	0	0	0	1	0	1	608										1	
1111	巨石怪大招2	关卡buff-惊险	48	1	1	1	3	1111	2	1	0	0	0	1		1	None()	1	0	0	0	0	3	13	5	609										1	
1112	巨石怪眼红（发招前准备）1	关卡buff-惊险	16	1	1	0	5	1112	3	1	0	0	0	0		10	None()	1	0	0	0	0	1	0	1	612										1	
1113	巨石怪眼红（发招前准备）2	关卡buff-惊险	48	1	1	0	5	1113	3	1	0	0	0	0		1	None()	1	0	0	0	0	1	0	1											1	
1120	超级石头炸开	任务副本buff	16	1	1	0	2	1120	2	1	0	0		0		10	None()	1	0	0	0	0	1|3	5	4	302										1	
1155	炮塔火炮	炮塔火炮	16	0	1	1	2	1155	1	1	0	0	0	0		100000	None()	0	0	0	0	0	3	0	1	1700										1	
1157	空余闲置	任务副本buff	160	1	1	1	3	1157	3	1	0	0	0	1		10000	None()	1	0	0	0	0	3	4	5	516										1	
1158	神族争霸攻方buff（范围）	神族争霸	160	1	1	1	2	1158	2	1	0	0		1		1	None()	1	0	0	0	0	1|2|3|4	4	5						156	157				1	activity_zb
1159	神族争霸攻方判断buff（无实际效果）	神族争霸	160	1	1	1	1	1159	1	1	0	0	0	0		10000	None()	1	0	0	0	0	1|2|3|4	0	1											1	activity_zb
1160	神族争霸攻方buff	神族争霸	160	0	1	0	1	1160	1	1	0	0	0	0		10000	None()	1	0	0	0	0	1|2|3|4	0	1	544										1	activity_zb
1161	神族争霸守方buff（范围）	神族争霸	160	1	1	1	2	1161	2	1	0	0		1		1	None()	1	0	0	0	0	1|2|3|4	4	5						158	159				1	activity_zb
1162	神族争霸守方判断buff（无实际效果）	神族争霸	160	1	1	1	1	1162	1	1	0	0	0	0		10000	None()	1	0	0	0	0	1|2|3|4	0	1											1	activity_zb
1163	神族争霸守方buff	神族争霸	160	0	1	0	1	1163	1	1	0	0	0	0		10000	None()	1	0	0	0	0	1|2|3|4	0	1	545										1	activity_zb
1164	神族争霸攻方头顶特效buff	神族争霸	-1	0	1	0	5	1164	1	1	0	0	0	0		10000	None()	1	0	0	0	0	1|2|3|4	0	1											1	activity_zb
1165	神族争霸守方头顶特效buff	神族争霸	-1	0	1	0	5	1165	1	1	0	0	0	0		10000	None()	1	0	0	0	0	1|2|3|4	0	1											1	activity_zb
1170	神族阵营	神魔战场 	-1	0	1	0	5	1170	1	1	0	0	0	0		10000	None()	1	0	1	0	0	1|2|3|4	0	1											1	
1171	魔族阵营	神魔战场 	-1	0	1	0	5	1171	1	1	0	0	0	0		10000	None()	1	0	1	0	0	1|2|3|4	0	1											1	
1200	火焰BUFF1	关卡buff-密室	16	1	1	0	5	1200	2	1	0	0	0	0		10000	None()	1	0	0	0	0	2|4	3	1	564										1	
1201	火焰BUFF2	关卡buff-密室	14400	1	1	1	5	1201	2	1	0	0	0	0		10000	None()	1	0	0	0	0	2|4	0	1	565										1	
1202	火焰BUFF3	关卡buff-密室	14400	0	1	1	1	1202	1	1	0	0	0	0		10000	None()	1	0	0	0	0	3	4	5						200	201				1	
1203	火焰BUFF4	关卡buff-密室	14400	0	1	1	1	1203	1	1	0	0	0	0		10000	None()	1	0	0	0	0	3	0	1	567										1	
1204	速度	关卡buff-密室	16	1	1	1	2	1204	2	1	0	0	0	0		100	None()	1	0	0	0	0	2|4	5	1	568										1	multiinstance
1205	速度	关卡buff-密室	14400	1	1	1	5	1205	2	1	0	0	0	0		100	None()	1	0	0	0	0	2|4	0	1	569										1	multiinstance
1206	恢复	关卡buff-密室	16	1	1	0	5	1206	2	1	0	0	0	0		10000	None()	1	0	0	0	0	2|4	5	1	570										1	multiinstance
1207	恢复	关卡buff-密室	14400	1	1	1	5	1207	2	1	0	0	0	0		10000	None()	1	0	0	0	0	2|4	0	1	571										1	multiinstance
1208	恢复	关卡buff-密室	14400	1	1	1	3	1208	1	1	0	0	0	0		10000	None()	1	0	0	0	0	2|4	3	3						202	203				1	multiinstance
1209	恢复	关卡buff-密室	14400	1	1	1	5	1209	1	1	0	0	0	0		10000	None()	1	0	0	0	0	2|4	0	1	573										1	multiinstance
1210	怨灵抓击	关卡buff-密室	16	1	1	1	2	1210	2	1	0	0		0		10	None()	1	0	0	0	0	3	0	1	1										1	
1211	怨灵大招1	关卡buff-密室	16	1	1	1	2	1211	2	1	0	0	0	0		10000	None()	1	0	0	0	0	3	0	1	574										1	
1212	怨灵大招2	关卡buff-密室	64	1	1	1	3	1212	2	1	0	0	0	1		10000	None()	1	0	0	0	0	3	6	5	575										1	
1213	圣光攻击（停用）	关卡buff-密室	32	1	1	0	2	1213	2	1	0	0		0		10000	None()	1	0	0	0	0	3	0	1	1										1	
1214	火焰旋风BUFF1(帮自己)	关卡buff-密室	14400	0	1	0	5	1214	3	1	0	0	0	0		10000	None()	1	0	0	0	0	1	0	1	576										1	
1215	火焰旋风BUFF2（帮自己）	关卡buff-密室	14400	0	1	0	3	1215	3	1	0	0	0	0		10000	None()	1	0	0	0	0	3	3	4	577										1	
1216	加攻	关卡buff-密室	16	1	1	1	2	1216	2	1	0	0	0	0		100	None()	1	0	0	0	0	2|4	5	1	578										1	multiinstance
1217	加攻	关卡buff-密室	14400	1	1	1	5	1217	2	1	0	0	0	0		100	None()	1	0	0	0	0	2|4	0	1	579										1	multiinstance
1218	鬼魂持续伤害(帮自己)	关卡buff-密室	14400	0	1	0	5	1218	3	1	0	0	0	0		10000	None()	1	0	0	0	0	1	0	1	580										1	
1219	鬼魂持续伤害（帮自己）	关卡buff-密室	14400	0	1	0	3	1219	3	1	0	0	0	0		10000	None()	1	0	0	0	0	3	3	3	581										1	
1220	凶鬼减速攻击	关卡buff-密室	32	1	1	1	4	1220	3	1	0	0	0	0		1	None()	1	0	0	0	0	3	0	1	1										1	
1221	妖王普击	关卡buff-密室	32	1	1	1	2	1221	3	1	0	0	0	0		10000	None()	1	0	0	0	0	3	0	1	1										1	
1222	妖王大招1	关卡buff-密室	4	1	1	1	1	1222	2	1	0	0	0	0		10000	None()	1	0	0	0	0	3	15	1	583										1	
1223	妖王大招2	关卡buff-密室	48	0	1	1	2	1223	2	1	0	0	0	0		10000	None()	1	0	0	0	0	3	0	1	584										1	
1224	妖王大招3	关卡buff-密室	32	1	1	1	2	1224	2	1	0	0	0	0		10000	None()	1	0	0	0	0	3	0	1	585										1	
1225	妖王大招4	关卡buff-密室	32	1	1	1	2	1225	2	1	0	0	0	1		10000	None()	1	0	0	0	0	3	4	3	586										1	
1226	妖王闪现	关卡buff-密室	32	1	1	1	2	1226	1	1	0	0		0		1	None()	1	0	0	0	0	3	0	1	587										1	
1227	帮妖王加血1	关卡buff-密室	16	1	1	0	5	1227	3	1	0	0	0	0		10000	None()	1	0	0	0	0	2|4	30	3	589										1	
1228	帮妖王加血2	关卡buff-密室	48	1	1	1	5	1228	3	1	0	0	0	0		10000	None()	1	0	0	0	0	2|4	0	1	590										1	
1229	妖王追人大招1	关卡buff-密室	32	1	1	1	2	1229	2	1	0	0	0	0		10000	None()	1	0	0	0	0	3	0	1	515										1	
1230	妖王追人大招2	关卡buff-密室	48	1	1	1	3	1230	2	1	0	0	0	1		10000	None()	1	0	0	0	0	3	7	5	516										1	
1231	圣光攻击（减防）	关卡buff-密室	120	1	1	1	5	1231	1	1	0	0	0	0		1	None()	1	0	0	0	0	3	0	1	355										1	
1232	圣光攻击（减防）	关卡buff-密室	180	1	1	1	5	1232	1	1	0	0	0	0		1	None()	1	0	0	0	0	3	0	1	355										1	
1235	BUFF把自己隐形1	关卡buff-密室	16	1	1	0	2	1235	3	1	0	0	0	0		1	None()	1	0	0	0	0	1	0	1	600										1	
1236	BUFF把自己隐形2	关卡buff-密室	19200	1	1	0	5	1236	3	1	0	0	0	0		1	None()	1	0	0	0	0	1	0	1	601										1	
1237	火焰BUFF1(妖王叫人时帮自己)	关卡buff-密室	64	0	1	0	5	1237	3	1	0	0	0	0		10000	None()	1	0	0	0	0	1	0	1	522										1	
1238	火焰BUFF2（妖王叫人时帮自己）	关卡buff-密室	64	0	1	0	3	1238	3	1	0	0	0	0		10000	None()	1	0	0	0	0	3	3	4	523										1	
1240	妖王召唤陨石1	关卡buff-苏醒的将军	4	1	1	1	2	1240	2	1	0	0	0	0		10000	None()	1	0	0	0	0	3	15	2	604										1	
1241	妖王召唤陨石2	关卡buff-苏醒的将军	48	0	1	1	2	1241	2	1	0	0	0	0		10000	None()	1	0	0	0	0	3	0	1	605										1	
1242	妖王召唤陨石3	关卡buff-苏醒的将军	16	1	1	1	2	1242	2	1	0	0	0	0		10000	None()	1	0	0	0	0	3	0	1	606										1	
1243	妖王召唤陨石4	关卡buff-苏醒的将军	32	1	1	1	2	1243	2	1	0	0	0	1		10000	None()	1	0	0	0	0	3	4	3	607										1	
1250	大将军劈砍	关卡buff-苏醒的将军	16	1	1	1	2	1250	2	1	0	0		0		10000	None()	1	0	0	0	0	3	0	1	1										1	
1251	大将军雷霆一击1	关卡buff-苏醒的将军	16	1	1	1	2	1251	2	1	0	0		0		10000	None()	1	0	0	0	0	3	4	3	630										1	
1252	大将军雷霆一击2（先不用）	关卡buff-苏醒的将军	16	1	1	1	2	1252	2	1	0	0		1		10000	None()	1	0	0	0	0	3	4	3	631										1	
1253	大将军旋风砍1	关卡buff-苏醒的将军	4	1	1	1	2	1253	2	1	0	0		0		10000	None()	1	0	0	0	0	3	0	1	632										1	
1254	大将军旋风砍2	关卡buff-苏醒的将军	24	1	1	1	3	1254	3	1	0	0		1		10000	None()	1	0	0	0	0	3	7	3	633										1	
1255	大将军龙卷风1	关卡buff-苏醒的将军	24	0	1	0	2	1255	2	1	0	0	0	0		10000	None()	1	0	0	0	0	1	0	1	634										1	
1256	大将军龙卷风2	关卡buff-苏醒的将军	112	0	1	0	5	1256	2	1	0	0	0	0		10000	None()	1	0	0	0	0	1	0	1	635										1	
1257	大将军龙卷风3	关卡buff-苏醒的将军	112	0	1	0	3	1257	3	1	0	0	0	0		10000	None()	1	0	0	0	0	3	6	3	636										1	
1258	大将军拉人2（停用)	关卡buff-苏醒的将军	1	0	1	1	4	1258	2	1	0	0	0	1		100000	None()	1	0	0	0	0	3	40	3	637										1	
1259	大将军拉人1（停用）	关卡buff-苏醒的将军	1	0	1	1	2	1259	2	1	0	0	0	0		100000	None()	1	0	0	0	0	1	40	1	638										1	
1260	大将军闪现	关卡buff-苏醒的将军	4	1	1	1	2	1260	1	1	0	0		0		1	None()	1	0	0	0	0	3	0	1	650										1	
1261	大将军加攻1（变身）	关卡buff-苏醒的将军	16	1	1	0	5	1261	3	1	0	0	0	0		10000	None()	1	0	0	0	0	1	0	1	640										1	
1262	大将军加攻2（变身）	关卡buff-苏醒的将军	28800	1	1	0	5	1262	3	1	0	0	0	0		1	None()	1	0	0	0	0	1	0	1	641										1	
1265	大将军召唤陨石1	关卡buff-苏醒的将军	4	1	1	1	2	1263	2	1	0	0	0	0		10000	None()	1	0	0	0	0	3	15	4	655										1	
1266	大将军召唤陨石2	关卡buff-苏醒的将军	48	0	1	1	2	1264	2	1	0	0	0	0		10000	None()	1	0	0	0	0	3	0	1	656										1	
1267	大将军召唤陨石3	关卡buff-苏醒的将军	16	1	1	1	2	1265	2	1	0	0	0	0		10000	None()	1	0	0	0	0	3	0	1	657	659									1	
1268	大将军召唤陨石4	关卡buff-苏醒的将军	32	1	1	1	2	1266	2	1	0	0	0	1		10000	None()	1	0	0	0	0	3	4	3	658										1	
1270	大将军吸血1（表现）	关卡buff-苏醒的将军	16	1	1	0	5	1270	3	1	0	0	0	0		10000	None()	1	0	0	0	0	1	0	1	661										1	
1271	大将军吸血2（表现）	关卡buff-苏醒的将军	80	1	1	0	5	1271	3	1	0	0	0	0		10000	None()	1	0	0	0	0	1	0	1											1	
1272	大将军吸血（攻击）	关卡buff-苏醒的将军	16	1	1	1	2	1272	2	1	0	0		0		10000	None()	1	0	0	0	0	3	0	1	663										1	
1275	大将军拉人1	关卡buff-苏醒的将军	1	0	1	0	2	1275	2	1	0	0	0	0		100000	None()	1	0	0	0	0	1	0	1	637										1	
1276	大将军拉人2	关卡buff-苏醒的将军	1	0	1	0	2	1276	2	1	0	0	0	0		100000	None()	1	0	0	0	0	1	0	1	638										1	
1277	大将军拉人3	关卡buff-苏醒的将军	1	0	1	1	2	1277	2	1	0	0	0	0		100000	None()	1	0	0	0	0	3	40	3	639										1	
1280	追踪龙卷风(帮自己)	关卡buff-苏醒的将军	14400	0	1	0	5	1280	3	1	0	0	0	0		10000	None()	1	0	0	0	0	1	0	1	670										1	
1281	追踪龙卷风(帮自己)	关卡buff-苏醒的将军	160	0	1	0	3	1281	3	1	0	0	0	0		10000	None()	1	0	0	0	0	1|3	6	4	671										1	
1282	全体回血1	关卡buff-苏醒的将军	4	1	1	1	2	1282	2	1	0	0	0	1		1	None()	1	0	0	0	0	3	100	3	674										1	
1283	全体回血2	关卡buff-苏醒的将军	4	1	1	1	5	1283	2	1	0	0	0	0		1	None()	1	0	0	0	0	3	0	1	675										1	
1285	召唤火焰陨石1	关卡buff-斗破三界	4	1	1	1	2	1285	2	1	0	0	0	0		10000	None()	1	0	0	0	0	3	15	1	604										1	
1286	召唤火焰陨石2	关卡buff-斗破三界	48	0	1	1	2	1286	2	1	0	0	0	0		10000	None()	1	0	0	0	0	3	0	1	605										1	
1287	召唤火焰陨石3	关卡buff-斗破三界	16	1	1	1	2	1287	2	1	0	0	0	0		10000	None()	1	0	0	0	0	3	0	1	606										1	
1288	召唤火焰陨石4	关卡buff-斗破三界	32	1	1	1	2	1288	2	1	0	0	0	1		10000	None()	1	0	0	0	0	3	4	3	607										1	
1290	召唤寒冰陨石1	关卡buff-斗破三界	4	1	1	1	2	1290	2	1	0	0	0	0		10000	None()	1	0	0	0	0	3	15	1	690										1	
1291	召唤寒冰陨石2	关卡buff-斗破三界	48	0	1	1	2	1291	2	1	0	0	0	0		10000	None()	1	0	0	0	0	3	0	1	691										1	
1292	召唤寒冰陨石3	关卡buff-斗破三界	16	1	1	1	2	1292	2	1	0	0	0	0		10000	None()	1	0	0	0	0	3	0	1	692										1	
1293	召唤寒冰陨石4	关卡buff-斗破三界	32	1	1	1	2	1293	2	1	0	0	0	1		10000	None()	1	0	0	0	0	3	4	3	693										1	
1294	召唤寒冰陨石5	关卡buff-斗破三界	32	1	1	1	3	1294	2	1	0	0	0	1		10000	None()	1	0	0	0	0	3	0	1	694										1	
1300	巨龟召唤火陨石1	关卡buff-惊险陡坡	4	1	1	1	2	1300	2	1	0	0	0	0		10000	None()	1	0	0	0	0	3	15	3	800										1	
1301	巨龟召唤火陨石2	关卡buff-惊险陡坡	48	0	1	1	2	1301	2	1	0	0	0	0		10000	None()	1	0	0	0	0	3	0	1	801										1	
1302	巨龟召唤火陨石3	关卡buff-惊险陡坡	16	1	1	1	2	1302	2	1	0	0	0	0		10000	None()	1	0	0	0	0	3	0	1	802										1	
1303	巨龟召唤火陨石4	关卡buff-惊险陡坡	32	1	1	1	2	1303	2	1	0	0	0	1		10000	None()	1	0	0	0	0	3	3	3	803										1	
1305	召唤寒冰陨石1	关卡buff-惊险陡坡	4	1	1	1	2	1305	2	1	0	0	0	0		10000	None()	1	0	0	0	0	3	15	3	805										1	
1306	召唤寒冰陨石2	关卡buff-惊险陡坡	48	0	1	1	2	1306	2	1	0	0	0	0		10000	None()	1	0	0	0	0	3	0	1	806										1	
1307	召唤寒冰陨石3	关卡buff-惊险陡坡	16	1	1	1	2	1307	2	1	0	0	0	0		10000	None()	1	0	0	0	0	3	0	1	807										1	
1308	召唤寒冰陨石4	关卡buff-惊险陡坡	32	1	1	1	2	1308	2	1	0	0	0	1		10000	None()	1	0	0	0	0	3	3	3	808										1	
1309	召唤寒冰陨石5	关卡buff-惊险陡坡	32	1	1	1	3	1309	2	1	0	0	0	1		10000	None()	1	0	0	0	0	3	0	1	809										1	
1500	加血1	关卡-荒野求生	28800	0	1	1	1	1500	1	1	0	0	0	0		10000	None()	1	0	0	0	0	3	6	5						162	163				1	
1501	加血2	关卡-荒野求生	28800	0	1	1	1	1501	1	1	0	0	0	0		10000	None()	1	0	0	0	0	3	0	1	700										1	
1502	加攻击1	关卡-荒野求生	28800	0	1	1	1	1502	1	1	0	0	0	0		10000	None()	1	0	0	0	0	3	6	5						164	165				1	
1503	加攻击2	关卡-荒野求生	28800	0	1	1	1	1503	1	1	0	0	0	0		10000	None()	1	0	0	0	0	3	0	1	701										1	
1504	加防御1	关卡-荒野求生	28800	0	1	1	1	1504	1	1	0	0	0	0		10000	None()	1	0	0	0	0	3	6	5						166	167				1	
1505	加防御2	关卡-荒野求生	28800	0	1	1	1	1505	1	1	0	0	0	0		10000	None()	1	0	0	0	0	3	0	1	702										1	
1506	加血1	关卡-荒野求生	28800	0	1	1	1	1506	1	1	0	0	0	0		10000	None()	1	0	0	0	0	3	6	5						168	169				1	
1507	加血2	关卡-荒野求生	28800	0	1	1	1	1507	1	1	0	0	0	0		10000	None()	1	0	0	0	0	3	0	1	703										1	
1508	冰冻1	关卡-荒野求生	80	0	1	0	1	1508	1	1	0	0	0	0		10000	None()	1	0	0	0	0	3	6	5						170	171				1	
1509	冰冻2	关卡-荒野求生	80	0	1	1	1	1509	1	1	0	0	0	0		10000	None()	1	0	0	0	0	3	0	1	704										1	
1510	追踪自杀1	关卡-荒野求生	16	1	1	0	2	1510	2	1	0	0		0		10	None()	1	0	0	0	0	1|3	4	2	719										1	
1511	炮塔火炮	关卡-荒野求生	16	0	1	1	2	1511	1	1	0	0	0	0		100000	None()	1	0	0	0	0	3	0	1	706										1	
1512	精英怪 普攻	关卡-荒野求生	16	0	1	1	2	1512	1	1	0	0	0	0		100000	None()	1	0	0	0	0	3	0	1	707										1	
1513	精英怪 大招	关卡-荒野求生	48	0	1	1	2	1513	1	1	0	0	0	0		100000	None()	1	0	0	0	0	3	0	1	708										1	
1515	冰boss 普攻	关卡-荒野求生	16	0	1	1	2	1515	1	1	0	0	0	0		100000	None()	1	0	0	0	0	3	0	1	709										1	
1516	火boss 普攻	关卡-荒野求生	16	0	1	1	2	1516	1	1	0	0	0	0		100000	None()	1	0	0	0	0	3	0	1	710										1	
1517	冰boss 大招1	关卡-荒野求生	48	0	1	0	2	1517	1	1	0	0	0	0		100000	None()	1	0	0	0	0	3	7	3						172	173				1	
1518	冰boss 大招2	关卡-荒野求生	48	0	1	1	2	1518	1	1	0	0	0	0		100000	None()	1	0	0	0	0	3	0	1	711										1	
1519	火boss 大招1	关卡-荒野求生	80	0	1	0	2	1519	1	1	0	0	0	0		100000	None()	1	0	0	0	0	3	6	3						174	175				1	
1520	火boss 大招2	关卡-荒野求生	80	0	1	1	2	1520	1	1	0	0	0	0		100000	None()	1	0	0	0	0	3	0	1	712										1	
1521	凶残鸟人 关卡-荒野求生	关卡-荒野求生	16	0	1	1	2	1521	1	1	0	0	0	0		100000	None()	1	0	0	0	0	3	0	1	713										1	
1522	野刀狼 关卡-荒野求生	关卡-荒野求生	16	0	1	1	2	1522	1	1	0	0	0	0		100000	None()	1	0	0	0	0	3	0	1	714										1	
1523	厚血蛤蟆 关卡-荒野求生	关卡-荒野求生	16	0	1	1	2	1523	1	1	0	0	0	0		100000	None()	1	0	0	0	0	3	0	1	715										1	
1524	符令傀儡 普通攻击 关卡-荒野求生	关卡-荒野求生	16	0	1	1	2	1524	1	1	0	0	0	0		100000	None()	1	0	0	0	0	3	0	1	716										1	
1525	符令傀儡 大招1 关卡-荒野求生	关卡-荒野求生	32	0	1	0	2	1525	1	1	0	0	0	0		100000	None()	1	0	0	0	0	3	6	5	717										1	
1526	符令傀儡 大招2 关卡-荒野求生	关卡-荒野求生	80	0	1	1	2	1526	1	1	0	0	0	0		100000	None()	1	0	0	0	0	3	0	1	718										1	
1527	追踪自杀2	关卡-荒野求生	16	1	1	1	2	1527	2	1	0	0		0		100000	None()	1	0	0	0	0	1|3	0	1	705										1	
1528	冰boss 闪定	关卡-荒野求生	80	1	1	1	2	1528	1	1	0	0	0	0		100000	None()	1	0	0	0	0	3	0	1	720	711									1	
1530	熔浆小兵 普攻	关卡-巨手之怒	16	0	1	1	2	1530	1	1	0	0	0	0		100000	None()	1	0	0	0	0	3	0	1	730										1	
1531	熔浆卫士 普攻	关卡-巨手之怒	16	0	1	1	2	1531	1	1	0	0	0	0		100000	None()	1	0	0	0	0	3	0	1	731										1	
1532	左封印将军 普攻	关卡-巨手之怒	16	0	1	1	2	1532	1	1	0	0	0	0		100000	None()	1	0	0	0	0	3	0	1	732										1	
1533	左封印将军 大招1	关卡-巨手之怒	16	0	1	0	2	1533	1	1	0	0	0	0		100000	None()	1	0	0	0	0	3	8	3	733										1	
1534	左封印将军 大招2	关卡-巨手之怒	80	0	1	1	2	1534	1	1	0	0	0	0		100000	None()	1	0	0	0	0	3	0	1	734	732									1	
1535	回血1	关卡-巨手之怒	28800	0	1	1	1	1535	1	1	0	0	0	0		100000	None()	1	0	0	0	0	3	6	5						180	181				1	
1536	回血2	关卡-巨手之怒	28800	0	1	1	1	1536	1	1	0	0	0	0		100000	None()	1	0	0	0	0	3	0	1	735										1	
1537	右封印将军 普攻	关卡-巨手之怒	16	0	1	1	2	1537	1	1	0	0	0	0		100000	None()	1	0	0	0	0	3	0	1	736										1	
1538	右封印将军 大招1	关卡-巨手之怒	16	0	1	0	2	1538	1	1	0	0	0	0		100000	None()	1	0	0	0	0	3	8	3	737										1	
1539	右封印将军 大招2	关卡-巨手之怒	80	0	1	1	2	1539	1	1	0	0	0	0		100000	None()	1	0	0	0	0	3	0	1	738	736									1	
1540	加速1	关卡-巨手之怒	28800	0	1	1	1	1540	1	1	0	0	0	0		100000	None()	1	0	0	0	0	3	6	5						182	183				1	
1541	加速2	关卡-巨手之怒	80	0	1	1	1	1541	1	1	0	0	0	0		100000	None()	1	0	0	0	0	3	0	1	739										1	
1542	定术木人 定身1	关卡-巨手之怒	28800	0	1	1	1	1542	1	1	0	0	0	0		100000	None()	1	0	0	0	0	3	6	5						184	185				1	
1543	定术木人 定身2	关卡-巨手之怒	80	0	1	1	1	1543	1	1	0	0	0	0		100000	None()	1	0	0	0	0	3	0	1	740										1	
1544	敢死小鬼 自杀	关卡-巨手之怒	16	0	1	1	2	1544	1	1	0	0		0		100000	None()	1	0	0	0	0	1|3	4	2	741										1	
1545	食人花	关卡-巨手之怒	16	0	1	1	2	1545	1	1	0	0	0	0		100000	None()	1	0	0	0	0	3	0	1	742										1	
1546	恶厨傀儡 普攻	关卡-巨手之怒	16	0	1	1	2	1546	1	1	0	0	0	0		100000	None()	1	0	0	0	0	3	0	1	743										1	
1547	恶厨傀儡 大招1	关卡-巨手之怒	16	0	1	0	2	1547	1	1	0	0	0	0		100000	None()	1	0	0	0	0	3	8	3	744										1	
1548	恶厨傀儡 大招2	关卡-巨手之怒	80	0	1	1	2	1548	1	1	0	0	0	0		100000	None()	1	0	0	0	0	3	0	1	745										1	
1549	助攻器械	关卡-巨手之怒	16	0	1	1	2	1549	1	1	0	0	0	0		100000	None()	1	0	0	0	0	3	0	1	746										1	
1550	怒天巨掌 普攻 群攻1	VIP副本-魔掌	16	0	1	1	2	1550	1	1	0	0	0	0		100000	None()	1	0	0	0	0	3	8	3	747										1	
1551	怒天巨掌 普攻 群攻2	VIP副本-魔掌	16	0	1	1	2	1551	1	1	0	0	0	0		100000	None()	1	0	0	0	0	3	0	1	748										1	
1552	怒天巨掌 中级 群攻1	VIP副本-魔掌	16	0	1	1	2	1552	1	1	0	0	0	0		100000	None()	1	0	0	0	0	3	8	3	749										1	
1553	怒天巨掌 中级 群攻2	VIP副本-魔掌	16	0	1	1	2	1553	1	1	0	0	0	0		100000	None()	1	0	0	0	0	3	0	1	750										1	
1554	怒天巨掌 高级 群攻1	VIP副本-魔掌	64	1	1	0	3	1554	2	1	0	0	0	0		1	None()	1	0	0	0	0	3	0	1	751										1	
1555	怒天巨掌 高级 群攻2	VIP副本-魔掌	96	1	1	0	3	1555	2	1	0	0	0	1		1	None()	1	0	0	0	0	3	13	5	752										1	
1556	怒天巨掌 引导BUFF	VIP副本-魔掌	128	1	1	0	3	1556	2	1	0	0	0	1		1	None()	1	0	0	0	0	3	0	1											1	
1558	魔掌拉人1	VIP副本-魔掌	1	0	1	0	2	1558	2	1	0	0	0	0		100000	None()	1	0	0	0	0	1	0	1	755										1	
1559	魔掌拉人2	VIP副本-魔掌	1	0	1	0	2	1559	2	1	0	0	0	0		100000	None()	1	0	0	0	0	1	0	1	756										1	
1560	魔掌拉人3	VIP副本-魔掌	1	0	1	1	2	1560	2	1	0	0	0	0		100000	None()	1	0	0	0	0	3	10	3	757										1	
1562	魔掌加血1	VIP副本-魔掌	16	1	1	0	5	1562	3	1	0	0	0	0		100000	None()	1	0	0	0	0	1	0	1	758										1	
1563	魔掌加血2	VIP副本-魔掌	16	1	1	0	5	1563	3	1	0	0	0	0		100000	None()	1	0	0	0	0	1	0	1	759										1	
1570	帮冰火玉米加攻buff 1	VIP副本-冰火玉米	160	0	1	0	1	1570	1	1	0	0	0	0		100000	None()	1	0	0	0	0	2|4	100	2	760										1	
1571	帮冰火玉米加攻buff 2	VIP副本-冰火玉米	14400	0	1	1	1	1571	1	1	0	0	0	0		100000	None()	1	0	0	0	0	2|4	0	1	761										1	
1580	白骨精 普攻 普攻1	VIP副本-白骨精	16	0	1	1	2	1580	1	1	0	0	0	0		100000	None()	1	0	0	0	0	3	0	1	1										1	
1583	白骨精 普攻 群攻1	VIP副本-白骨精	16	0	1	1	2	1583	1	1	0	0	0	0		100000	None()	1	0	0	0	0	3	8	4	770										1	
1584	白骨精 普攻 群攻2	VIP副本-白骨精	16	0	1	1	2	1584	1	1	0	0	0	0		100000	None()	1	0	0	0	0	3	0	1	771										1	
1587	白骨精  召唤1	VIP副本-白骨精	1	1	1	0	2	1587	3	1	0	0	0	0		11000	None()	1	0	0	0	0	1	0	1	774										1	
1588	白骨精  召唤2	VIP副本-白骨精	1	1	1	1	2	1588	3	1	0	0	0	0		10000	None()	1	0	0	0	0	3	100	4	775										1	
1589	白骨精  召唤3	VIP副本-白骨精	1	1	1	1	2	1589	3	1	0	0	0	0		11000	None()	1	0	0	0	0	3	0	1	776										1	
1591	白骨精  变身1	VIP副本-白骨精	16	1	1	0	5	1591	3	1	0	0	0	0		10000	None()	1	0	0	0	0	1	0	1	778										1	
1592	白骨精  变身2	VIP副本-白骨精	860	1	1	0	5	1592	3	1	0	0	0	0		1	None()	1	0	0	0	0	1	0	1	779										1	
3000	狂暴黑熊	多人副本-群魔来袭	16	0	1	1	2	3000	1	1	0	0	0	0		100000	None()	1	0	0	0	0	3	0	1	1000										1	
3001	牛兵守卫	多人副本-群魔来袭	16	0	1	1	2	3001	1	1	0	0	0	0		100000	None()	1	0	0	0	0	3	0	1	1001										1	
3002	牛魔王 普攻	多人副本-群魔来袭	16	0	1	1	2	3002	1	1	0	0	0	0		100000	None()	1	0	0	0	0	3	0	1	1002										1	
3003	"牛魔王 大招1
"	多人副本-群魔来袭	80	0	1	0	2	3003	1	1	0	0	0	0		100000	None()	1	0	0	0	0	2|4	8	3	1003										1	
3004	"牛魔王 大招2
"	多人副本-群魔来袭	80	0	1	1	2	3004	1	1	0	0	0	0		100000	None()	1	0	0	0	0	2|4	0	1	1004										1	
3005	凶残鸟人	多人副本-群魔来袭	16	0	1	1	2	3005	1	1	0	0	0	0		100000	None()	1	0	0	0	0	3	0	1	1005										1	
3006	大头领 普攻	多人副本-群魔来袭	16	0	1	1	2	3006	1	1	0	0	0	0		100000	None()	1	0	0	0	0	3	0	1	1006										1	
3007	大头领 大招1	多人副本-群魔来袭	80	0	1	0	2	3007	1	1	0	0	0	0		100000	None()	1	0	0	0	0	2|4	8	3	1007										1	
3008	"大头领 大招2
"	多人副本-群魔来袭	80	0	1	1	2	3008	1	1	0	0	0	0		100000	None()	1	0	0	0	0	2|4	0	1	1008										1	
3009	变种鳄龟	多人副本-群魔来袭	16	0	1	1	2	3009	1	1	0	0	0	0		100000	None()	1	0	0	0	0	3	0	1	1009										1	
3010	封印将军 普攻	多人副本-群魔来袭	16	0	1	1	2	3010	1	1	0	0	0	0		100000	None()	1	0	0	0	0	3	0	1	1010										1	
3011	封印将军 大招1	多人副本-群魔来袭	80	0	1	0	2	3011	1	1	0	0	0	0		100000	None()	1	0	0	0	0	2|4	8	3	1011										1	
3012	"封印将军 大招2
"	多人副本-群魔来袭	80	0	1	1	2	3012	1	1	0	0	0	0		100000	None()	1	0	0	0	0	2|4	0	1	1012										1	
3013	大教主 普攻	多人副本-群魔来袭	16	0	1	1	2	3013	1	1	0	0	0	0		100000	None()	1	0	0	0	0	3	0	1	1013										1	
3014	大教主 大招1（高伤害）	多人副本-群魔来袭	80	0	1	0	2	3014	1	1	0	0	0	0		100000	None()	1	0	0	0	0	3	8	3	1014										1	
3015	"大教主 大招2（高伤害）
"	多人副本-群魔来袭	80	0	1	1	2	3015	1	1	0	0	0	0		100000	None()	1	0	0	0	0	3	0	1	1015										1	
3016	神仙姐姐(变身)	多人副本-群魔来袭	16	0	1	0	2	3016	1	1	0	0	0	0		100000	None()	1	0	0	0	0	1	0	1	1016										1	
3017	单攻炮台	多人副本-群魔来袭	16	0	1	1	2	3017	1	1	0	0	0	0		100000	None()	1	0	0	0	0	3	0	1	1017										1	
3018	群攻炮台 1	多人副本-群魔来袭	4	0	1	1	2	3018	1	1	0	0	0	0		100000	None()	1	0	0	0	0	3	15	10	1018										1	
3019	群攻炮台 2	多人副本-群魔来袭	4	0	1	1	2	3019	1	1	0	0	0	0		100000	None()	1	0	0	0	0	3	0	1	1019										1	
3020	减速炮台 1	多人副本-群魔来袭	16	0	1	1	2	3020	3	1	0	0	0	0		1	None()	1	0	0	0	0	3	15	10	1020										1	
3021	减速炮台 2	多人副本-群魔来袭	80	0	1	1	1	3021	3	1	0	0	0	0		1	None()	1	0	0	0	0	3	0	1	1021										1	
3022	加攻buff 1	多人副本-群魔来袭	160	0	1	0	1	3022	1	1	0	0	0	0		100000	None()	1	0	0	0	0	3	100	100	1022										1	
3023	加攻buff 2	多人副本-群魔来袭	160	0	1	1	1	3023	1	1	0	0	0	0		100000	None()	1	0	0	0	0	3	0	1	1023										1	
3024	全部怪伤害buff 1	多人副本-群魔来袭	16	0	1	0	2	3024	1	1	0	0	0	1		100000	None()	1	0	0	0	0	2|4	100	100	1024										1	
3025	全部怪伤害buff 2	多人副本-群魔来袭	16	0	1	1	1	3025	1	1	0	0	0	0		100000	None()	1	0	0	0	0	2|4	0	1	1025										1	
3026	全部怪定身buff 1	多人副本-群魔来袭	4	0	1	0	1	3026	3	1	0	0	0	1		1	None()	1	0	0	0	0	2|4	100	100	1026										1	
3027	全部怪定身buff 2	多人副本-群魔来袭	112	0	1	1	1	3027	3	1	0	0	0	0		1	None()	1	0	0	0	0	2|4	0	1	1027										1	
3028	信春鸽自杀	多人副本-群魔来袭	16	0	1	0	2	3028	1	1	0	0	0	0		100000	None()	1	0	0	0	0	1	0	1	1028										1	
3029	仙女着小火	多人副本-群魔来袭	16	1	1	0	5	3029	3	1	0	0	0	0		1	None()	1	0	0	0	0	1	0	1	1029										1	
3030	仙女着小火	多人副本-群魔来袭	28800	1	1	0	5	3030	3	1	0	0	0	0		1	None()	1	0	0	0	0	1	0	1											1	
3031	仙女着大火	多人副本-群魔来袭	16	1	1	0	5	3031	3	1	0	0	0	0		1	None()	1	0	0	0	0	1	0	1	1030										1	
3032	仙女着大火	多人副本-群魔来袭	28800	1	1	0	5	3032	3	1	0	0	0	0		1	None()	1	0	0	0	0	1	0	1											1	
3033	牛魔王加血1	多人副本-群魔来袭	32	1	1	0	5	3033	3	1	0	0	0	0		1	None()	1	0	0	0	0	2|4	40	30	1031										1	
3034	牛魔王加血2	多人副本-群魔来袭	16	1	1	1	5	3034	3	1	0	0	0	0		1	None()	1	0	0	0	0	2|4	0	1	1032										1	
3035	大头领范围加速	多人副本-群魔来袭	16	1	1	0	5	3035	3	1	0	0	0	0		1	None()	1	0	0	0	0	2|4	20	15	1033										1	
3036	大头领范围加速	多人副本-群魔来袭	32	1	1	1	5	3036	3	1	0	0	0	0		1	None()	1	0	0	0	0	2|4	0	1	1034										1	
3037	大将军范围加防	多人副本-群魔来袭	16	1	1	0	5	3037	3	1	0	0	0	0		1	None()	1	0	0	0	0	2|4	20	15	1035										1	
3038	大将军范围加防	多人副本-群魔来袭	32	1	1	1	5	3038	3	1	0	0	0	0		1	None()	1	0	0	0	0	2|4	0	1	1036										1	
3039	大教主撞飞1	多人副本-群魔来袭	16	1	1	0	2	3039	3	1	0	0	0	0		1	None()	1	0	0	0	0	3	5	3	1037										1	
3040	大教主撞飞3	多人副本-群魔来袭	32	1	1	1	5	3040	3	1	0	0	0	0		1	None()	1	0	0	0	0	3	0	1	1038										1	
3045	仙女暗杀队友1	多人副本-群魔来袭	1	1	1	0	2	3045	3	1	0	0	0	0		11000	None()	1	0	0	0	0	1	0	1	1045										1	
3046	仙女暗杀队友2	多人副本-群魔来袭	1	1	1	1	2	3046	3	1	0	0	0	0		10000	None()	1	0	0	0	0	2|4	15	3	1046										1	
3047	仙女暗杀队友3	多人副本-群魔来袭	1	1	1	1	2	3047	3	1	0	0	0	0		11000	None()	1	0	0	0	0	2|4	0	1	1047										1	
3048	帮玩家加隐形属性	多人副本-群魔来袭	16	1	1	1	2	3048	3	1	0	0	0	1		1	None()	1	0	0	0	0	2|4	20	4	1048										1	multiinstance
3049	帮玩家加隐形属性	多人副本-群魔来袭	19200	1	1	1	5	3049	3	1	0	0	0	0		1	None()	1	0	0	0	0	2|4	0	1	1049										1	multiinstance
3050	童女帮自己加隐形属性	多人副本-群魔来袭	16	1	1	0	2	3050	3	1	0	0	0	0		1	None()	1	0	0	0	0	1	0	1	1050										1	
3051	童女帮自己加隐形属性	多人副本-群魔来袭	19200	1	1	0	5	3051	3	1	0	0	0	0		1	None()	1	0	0	0	0	1	0	1	1051										1	
3060	帮宝珠加特效	多人副本-四兽宝塔	34400	1	1	1	5	3060	1	1	0	0	0	0		10000	None()	1	0	0	0	0	3	0	1	1										1	
3061	鲁大深加血	多人副本-四兽宝塔	16	1	1	0	5	3061	3	1	0	0	0	0		100000	None()	1	0	0	0	0	1	0	1	1060										1	
3062	鲁大深群攻准备	多人副本-四兽宝塔	16	1	1	0	5	3062	3	1	0	0	0	0		10	None()	1	0	0	0	0	1	0	1											1	
3065	鲁大深 加攻击1	多人副本-四兽宝塔	16	0	1	0	5	3065	2	1	0	0		0		1	None()	1	0	0	0	0	1	0	1	696										1	
3066	鲁大深 加攻击2	多人副本-四兽宝塔	80	0	1	0	5	3066	2	1	0	0		0		1	None()	1	0	0	0	0	1	0	1	697										1	
3090	守卫暗杀队友1	多人副本-偷袭恶人寨	1	1	1	0	2	3090	3	1	0	0	0	0		11000	None()	1	0	0	0	0	1	0	1	1080										1	
3091	守卫暗杀队友2	多人副本-偷袭恶人寨	1	1	1	1	2	3091	3	1	0	0	0	0		10000	None()	1	0	0	0	0	3	100	3	1081										1	
3092	守卫暗杀队友3	多人副本-偷袭恶人寨	1	1	1	1	2	3092	3	1	0	0	0	0		11000	None()	1	0	0	0	0	3	0	1	1082										1	
3120	箭塔的放箭	多人副本-冲出敌阵	16	1	1	1	2	3120	3	1	0	0	0	0		11000	None()	1	0	0	0	0	3	0	1	302										1	
3125	镖车自己定自己	多人副本-冲出敌阵	9600	1	1	0	2	3125	3	1	0	0	0	0		1	None()	1	0	0	0	0	1	0	1	1085										1	
3126	自杀	多人副本-群魔来袭	16	0	1	0	5	3126	1	1	0	0	0	0		100000	None()	1	0	0	0	0	1	0	1	1028										1	
3130	机关兽失灵1	多人副本-机关地牢	16	0	1	1	2	3130	2	1	0	0	0	0		1	None()	1	0	0	0	0	3	20	20	790										1	
3131	机关兽失灵2	多人副本-机关地牢	640	0	1	1	3	3131	2	1	0	0	0	0		1	None()	1	0	0	0	0	3	0	1	791	792									1	
4000	尸鬼王大招	洞天副本-百鬼夜行	32	1	1	1	2	4000	2	1	0	0	0	0		1	None()	1	0	0	0	0	3	8	2	302										1	
4002	百毒僵王	洞天副本-百毒邪教	16	1	1	1	2	4002	2	1	0	0	0	0		1	None()	1	0	0	0	0	3	0	1	305										1	
7000	远程兵	神魔战场	32	1	1	1	2	7000	2	1	0	0		0		1	None()	1	0	0	0	0	3	0	1	2550										1	
7001	魔族炮塔	神魔战场	32	1	1	1	2	7001	2	1	0	0		0		1	None()	1	0	0	0	0	3	0	1	2551										1	
7002	神族炮塔	神魔战场	32	1	1	1	2	7002	2	1	0	0		0		1	None()	1	0	0	0	0	3	0	1	2552										1	
7003	近战兵	神魔战场	32	1	1	1	2	7003	2	1	0	0		0		1	None()	1	0	0	0	0	3	0	1	2553										1	
7004	自杀	活动自杀	16	0	1	0	2	7004	1	1	0	0	0	0		100000	None()	1	0	0	0	0	1	0	1	2554										1	
8021	加攻1  	跟随神仙-加攻击力1（巨灵神）	160	0	1	0	1	8021	3	1	0	0	0	0		1	None()	1	0	0	0	0	1	0	1	1525										1	
8023	加攻2  	跟随神仙-加攻击力2（南海龙太子）	160	0	1	0	1	8023	3	1	0	0	0	0		1	None()	1	0	0	0	0	1	0	1	1525										1	
8025	加攻3  	跟随神仙-加攻击力3（哪吒）	160	0	1	0	1	8025	3	1	0	0	0	0		1	None()	1	0	0	0	0	1	0	1	1525										1	
8027	加攻4  	跟随神仙-加攻击力4（二郎神）	160	0	1	0	1	8027	3	1	0	0	0	0		1	None()	1	0	0	0	0	1	0	1	1525										1	
8029	加攻5  	跟随神仙-加攻击力5（孙悟空）	160	0	1	0	1	8029	3	1	0	0	0	0		1	None()	1	0	0	0	0	1	0	1	1525										1	
8031	加攻6  	跟随神仙-加攻击力6（盘古）	160	0	1	0	1	8031	3	1	0	0	0	0		1	None()	1	0	0	0	0	1	0	1	1525										1	
8033	减血1 	跟随神仙-持续掉血1 （日月星君）	160	0	1	1	3	8033	3	1	0	0	0	0		1	None()	1	0	0	0	0	3	0	1	1528										1	
8035	减血2 	跟随神仙-持续掉血2 （雷震子）	160	0	1	1	3	8035	3	1	0	0	0	0		1	None()	1	0	0	0	0	3	0	1	1528										1	
8037	减血3 	跟随神仙-持续掉血3 （猪八戒）	160	0	1	1	3	8037	3	1	0	0	0	0		1	None()	1	0	0	0	0	3	0	1	1528										1	
8039	减血4 	跟随神仙-持续掉血4 （阎罗王）	160	0	1	1	3	8039	3	1	0	0	0	0		1	None()	1	0	0	0	0	3	0	1	1528										1	
8041	减血5 	跟随神仙-持续掉血5 （太上老君）	160	0	1	1	3	8041	3	1	0	0	0	0		1	None()	1	0	0	0	0	3	0	1	1528										1	
8043	减血6 	跟随神仙-持续掉血6 （伏羲）	160	0	1	1	3	8043	3	1	0	0	0	0		1	None()	1	0	0	0	0	3	0	1	1528										1	
8045	加防1 	跟随神仙-加防御值1 （龟丞相）	160	0	1	0	1	8045	3	1	0	0	0	0		1	None()	1	0	0	0	0	1	0	1	1526										1	
8047	加防2 	跟随神仙-加防御值2 （三公主）	160	0	1	0	1	8047	3	1	0	0	0	0		1	None()	1	0	0	0	0	1	0	1	1526										1	
8049	加防3 	跟随神仙-加防御值3 （嫦娥）	160	0	1	0	1	8049	3	1	0	0	0	0		1	None()	1	0	0	0	0	1	0	1	1526										1	
8051	加防4 	跟随神仙-加防御值4 （托塔天王）	160	0	1	0	1	8051	3	1	0	0	0	0		1	None()	1	0	0	0	0	1	0	1	1526										1	
8053	加防5 	跟随神仙-加防御值5 （精卫）	160	0	1	0	1	8053	3	1	0	0	0	0		1	None()	1	0	0	0	0	1	0	1	1526										1	
8055	加防6 	跟随神仙-加防御值6 （如来佛祖）	160	0	1	0	1	8055	3	1	0	0	0	0		1	None()	1	0	0	0	0	1	0	1	1526										1	
8057	加血1 	跟随神仙-回复生命1 （护丹童女）	160	0	1	0	2	8057	3	1	0	0	0	0		1	None()	1	0	0	0	0	1	0	1	1527										1	
8059	加血2 	跟随神仙-回复生命2 （紫霞仙子）	160	0	1	0	2	8059	3	1	0	0	0	0		1	None()	1	0	0	0	0	1	0	1	1527										1	
8061	加血3 	跟随神仙-回复生命3 （九天玄女）	160	0	1	0	2	8061	3	1	0	0	0	0		1	None()	1	0	0	0	0	1	0	1	1527										1	
8063	加血4 	跟随神仙-回复生命4 （王母娘娘）	160	0	1	0	2	8063	3	1	0	0	0	0		1	None()	1	0	0	0	0	1	0	1	1527										1	
8065	加血5 	跟随神仙-回复生命5 （南海观音）	160	0	1	0	2	8065	3	1	0	0	0	0		1	None()	1	0	0	0	0	1	0	1	1527										1	
8067	加血6 	跟随神仙-回复生命6 （女娲）	160	0	1	0	2	8067	3	1	0	0	0	0		1	None()	1	0	0	0	0	1	0	1	1527										1	
8069	童女     普攻	南天门-护丹童女   1品	32	0	1	1	2	8069	1	1	0	0	0	0		100000	None()	0	0	0	0	0	3	0	1	1524										1	
8070	日月星君 普攻	南天门-日月星君   1品	32	0	1	1	2	8070	1	1	0	0	0	0		100000	None()	0	0	0	0	0	3	0	1	1524										1	
8071	龟丞相   普攻	南天门-龟丞相     1品	32	0	1	1	2	8071	1	1	0	0	0	0		100000	None()	0	0	0	0	0	3	0	1	1524										1	
8072	巨灵神   普攻	南天门-巨灵神     1品	32	0	1	1	2	8072	1	1	0	0	0	0		100000	None()	0	0	0	0	0	3	0	1	1524										1	
8073	三公主   普攻	南天门-三公主     2品	32	0	1	1	2	8073	1	1	0	0	0	0		100000	None()	0	0	0	0	0	3	0	1	1524										1	
8074	紫霞仙子   普攻	南天门-紫霞仙子   2品	32	0	1	1	2	8074	1	1	0	0	0	0		100000	None()	0	0	0	0	0	3	0	1	1524										1	
8075	雷震子   普攻	南天门-雷震子     2品	32	0	1	1	2	8075	1	1	0	0	0	0		100000	None()	0	0	0	0	0	3	0	1	1524										1	
8076	南海龙太子   普攻	南天门-南海龙太子 2品	32	0	1	1	2	8076	1	1	0	0	0	0		100000	None()	0	0	0	0	0	3	0	1	1524										1	
8077	嫦娥      普攻	南天门-嫦娥       3品	32	0	1	1	2	8077	1	1	0	0	0	0		100000	None()	0	0	0	0	0	3	0	1	1524										1	
8078	九天玄女   普攻	南天门-九天玄女   3品	32	0	1	1	2	8078	1	1	0	0	0	0		100000	None()	0	0	0	0	0	3	0	1	1524										1	
8079	猪八戒   普攻	南天门-猪八戒     3品	32	0	1	1	2	8079	1	1	0	0	0	0		100000	None()	0	0	0	0	0	3	0	1	1524										1	
8080	哪吒     普攻	南天门-哪吒       3品	32	0	1	1	2	8080	1	1	0	0	0	0		100000	None()	0	0	0	0	0	3	0	1	1524										1	
8081	二郎神   普攻	南天门-二郎神     4品	32	0	1	1	2	8081	1	1	0	0	0	0		100000	None()	0	0	0	0	0	3	0	1	1524										1	
8082	托塔天王   普攻	南天门-托塔天王   4品	32	0	1	1	2	8082	1	1	0	0	0	0		100000	None()	0	0	0	0	0	3	0	1	1524										1	
8083	阎罗王     普攻	南天门-阎罗王     4品	32	0	1	1	2	8083	1	1	0	0	0	0		100000	None()	0	0	0	0	0	3	0	1	1524										1	
8084	王母娘娘   普攻	南天门-王母娘娘   4品	32	0	1	1	2	8084	1	1	0	0	0	0		100000	None()	0	0	0	0	0	3	0	1	1524										1	
8085	太上老君   普攻	南天门-太上老君   5品	32	0	1	1	2	8085	1	1	0	0	0	0		100000	None()	0	0	0	0	0	3	0	1	1524										1	
8086	孙悟空  普攻	南天门-孙悟空     5品	32	0	1	1	2	8086	1	1	0	0	0	0		100000	None()	0	0	0	0	0	3	0	1	1524										1	
8087	精卫    普攻	南天门-精卫       5品	32	0	1	1	2	8087	1	1	0	0	0	0		100000	None()	0	0	0	0	0	3	0	1	1524										1	
8088	南海观音   普攻	南天门-南海观音   5品	32	0	1	1	2	8088	1	1	0	0	0	0		100000	None()	0	0	0	0	0	3	0	1	1524										1	
8089	盘古   普攻	南天门-盘古       6品	32	0	1	1	2	8089	1	1	0	0	0	0		100000	None()	0	0	0	0	0	3	0	1	1524										1	
8090	伏羲   普攻	南天门-伏羲       6品	32	0	1	1	2	8090	1	1	0	0	0	0		100000	None()	0	0	0	0	0	3	0	1	1524										1	
8091	如来佛祖   普攻	南天门-如来佛祖   6品	32	0	1	1	2	8091	1	1	0	0	0	0		100000	None()	0	0	0	0	0	3	0	1	1524										1	
8092	女娲       普攻	南天门-女娲       6品	32	0	1	1	2	8092	1	1	0	0	0	0		100000	None()	0	0	0	0	0	3	0	1	1524										1	
8093	加攻药品		9600	0	1	0	5	8093	2	1	0	0		0		1	None()	1	0	0	0	0	1	0	1	3030										1	
8094	加防药品		9600	0	1	0	5	8094	2	1	0	0		0		1	None()	1	0	0	0	0	1	0	1	3031										1	
8095	眩晕丹		80	1	1	1	2	8095	2	1	0	0	0	0		10000	None()	1	0	0	0	0	3	0	1	3032										1	
