PointClass	X	Y	Z	FaceDirection
pos1	1895	1827	1048576	0
pos1	2016	1750	1048576	0
pos1	2072	1740	1048576	0
pos1	2245	1722	1048576	0
pos1	2163	1822	1048576	0
pos1	2053	1863	1048576	0
pos1	1962	1927	1048576	0
pos1	1850	1978	1048576	0
pos1	1978	2055	1048576	0
pos1	2142	1905	1048576	0
pos2	1857	2686	1048576	0
pos2	1887	2773	1048576	0
pos2	1960	2827	1048576	0
pos2	2037	2846	1048576	0
pos2	1966	2703	1048576	0
pos2	1921	2656	1048576	0
pos2	2039	2560	1048576	0
pos2	2083	2616	1048576	0
pos2	2185	2759	1048576	0
pos2	2199	2620	1048576	0
pos2	2077	2533	1048576	0
pos2	2315	2611	1048576	0
pos3	2583	2526	1048576	0
pos3	2656	2407	1048576	0
pos3	2693	2309	1048576	0
pos3	2606	2213	1048576	0
pos3	2557	2328	1048576	0
pos3	2535	2452	1048576	0
pos3	2434	2409	1048576	0
pos3	2708	2240	1048576	0
pos3	2727	2097	1048576	0
pos3	2621	2605	1048576	0
pos4	2470	677	1048576	0
pos4	2564	683	1048576	0
pos4	2679	727	1048576	0
pos4	2776	774	1048576	0
pos4	2755	606	1048576	0
pos4	2659	602	1048576	0
pos4	2521	570	1048576	0
pos4	2659	476	1048576	0
pos4	2741	519	1048576	0
pos4	2828	588	1048576	0
pos5	3552	717	1048576	0
pos5	3504	624	1048576	0
pos5	3490	528	1048576	0
pos5	3494	425	1048576	0
pos5	3603	538	1048576	0
pos5	3621	650	1048576	0
pos5	3697	499	1048576	0
pos5	3889	424	1048576	0
pos5	3792	637	1048576	0
pos5	3728	520	1048576	0
pos5	3537	368	1048576	0
pos5	3525	596	1048576	0
pos6	2060	5146	1048576	0
pos6	2160	5258	1048576	0
pos6	2270	5309	1048576	0
pos6	2289	5141	1048576	0
pos6	2189	5126	1048576	0
pos6	2026	5013	1048576	0
pos6	2121	4870	1048576	0
pos6	2225	4981	1048576	0
pos6	2385	5015	1048576	0
pos6	2320	5177	1048576	0
pos7	4033	2970	1048576	0
pos7	4099	3038	1048576	0
pos7	4183	3066	1048576	0
pos7	4223	2926	1048576	0
pos7	4189	2844	1048576	0
pos7	4076	2851	1048576	0
pos7	4258	2762	1048576	0
pos7	4336	2776	1048576	0
pos7	4415	2884	1048576	0
pos7	4524	2928	1048576	0
pos7	4496	2807	1048576	0
pos8	4070	1651	1048576	0
pos8	4109	1772	1048576	0
pos8	4243	1792	1048576	0
pos8	4080	1495	1048576	0
pos8	4179	1541	1048576	0
pos8	4235	1655	1048576	0
pos8	4372	1661	1048576	0
pos8	4275	1558	1048576	0
pos8	4198	1510	1048576	0
pos8	4413	1521	1048576	0
pos8	4412	1726	1048576	0
pos8	4430	1533	1048576	0
pos9	4993	1819	1048576	0
pos9	5107	1673	1048576	0
pos9	5147	1628	1048576	0
pos9	5256	1535	1048576	0
pos9	5267	1665	1048576	0
pos9	5162	1778	1048576	0
pos9	5120	1875	1048576	0
pos9	5227	1866	1048576	0
pos9	5281	1777	1048576	0
pos9	5370	1682	1048576	0
pos9	5470	1693	1048576	0
pos10	6791	1219	1048576	0
pos10	6868	1296	1048576	0
pos10	6952	1361	1048576	0
pos10	6876	1064	1048576	0
pos10	6927	1156	1048576	0
pos10	6985	1243	1048576	0
pos10	7036	1293	1048576	0
pos10	6924	970	1048576	0
pos10	6990	1091	1048576	0
pos10	7048	1154	1048576	0
pos10	7130	1289	1048576	0
pos10	7001	1388	1048576	0
pos11	7546	3715	1048576	0
pos11	7553	3783	1048576	0
pos11	7582	3975	1048576	0
pos11	7696	3953	1048576	0
pos11	7667	3876	1048576	0
pos11	7623	3784	1048576	0
pos11	7626	3672	1048576	0
pos11	7712	3657	1048576	0
pos11	7702	3793	1048576	0
pos11	7690	3926	1048576	0
pos11	7585	4070	1048576	0
pos11	7612	3691	1048576	0
pos12	7462	4366	1048576	0
pos12	7475	4480	1048576	0
pos12	7445	4578	1048576	0
pos12	7352	4513	1048576	0
pos12	7353	4407	1048576	0
pos12	7536	4271	1048576	0
pos12	7531	4396	1048576	0
pos12	7549	4474	1048576	0
pos12	7331	4282	1048576	0
pos12	7689	4312	1048576	0
pos12	7694	4444	1048576	0
pos12	7678	4220	1048576	0
pos13	7676	5525	1048576	0
pos13	7651	5619	1048576	0
pos13	7603	5752	1048576	0
pos13	7733	5639	1048576	0
pos13	7751	5572	1048576	0
pos13	7774	5504	1048576	0
pos13	7828	5496	1048576	0
pos13	7816	5614	1048576	0
pos13	7583	5584	1048576	0
pos13	7905	5441	1048576	0
pos14	6142	4078	1048576	0
pos14	6160	4206	1048576	0
pos14	6241	4295	1048576	0
pos14	6384	4293	1048576	0
pos14	6315	4209	1048576	0
pos14	6252	4110	1048576	0
pos14	6301	3985	1048576	0
pos14	6375	4111	1048576	0
pos14	6403	4323	1048576	0
pos14	6569	4174	1048576	0
pos14	6533	4039	1048576	0
pos14	6427	3968	1048576	0
pos15	4422	4449	1048576	0
pos15	4465	4570	1048576	0
pos15	4556	4657	1048576	0
pos15	4659	4583	1048576	0
pos15	4589	4516	1048576	0
pos15	4542	4390	1048576	0
pos15	4632	4291	1048576	0
pos15	4677	4409	1048576	0
pos15	4703	4533	1048576	0
pos15	4828	4461	1048576	0
pos15	4756	4373	1048576	0
pos15	4737	4328	1048576	0
pos16	3812	5737	1048576	0
pos16	3841	5811	1048576	0
pos16	3895	5888	1048576	0
pos16	3940	5939	1048576	0
pos16	3774	6032	1048576	0
pos16	3711	5834	1048576	0
pos16	3642	5971	1048576	0
pos16	3584	5868	1048576	0
pos16	3809	6019	1048576	0
pos16	3952	6037	1048576	0
pos16	3874	6161	1048576	0
pos17	2797	6896	1048576	0
pos17	2900	6894	1048576	0
pos17	2972	6847	1048576	0
pos17	2753	6837	1048576	0
pos17	2848	6821	1048576	0
pos17	2944	6748	1048576	0
pos17	2860	6692	1048576	0
pos17	2937	6661	1048576	0
pos17	2856	6637	1048576	0
pos17	3041	6755	1048576	0
pos17	2974	6675	1048576	0
pos18	4844	6033	1048576	0
pos18	4897	6168	1048576	0
pos18	4958	6215	1048576	0
pos18	4900	5962	1048576	0
pos18	4944	6034	1048576	0
pos18	5028	6164	1048576	0
pos18	4988	5893	1048576	0
pos18	5055	6005	1048576	0
pos18	5104	6108	1048576	0
pos18	5150	6032	1048576	0
pos18	5093	5941	1048576	0
pos18	5068	6311	1048576	0
pos19	5553	5567	1048576	0
pos19	5618	5605	1048576	0
pos19	5711	5607	1048576	0
pos19	5600	5488	1048576	0
pos19	5645	5507	1048576	0
pos19	5740	5499	1048576	0
pos19	5642	5365	1048576	0
pos19	5756	5368	1048576	0
pos19	5856	5417	1048576	0
pos19	5900	5424	1048576	0
pos19	5831	5675	1048576	0
pos20	5976	6205	1048576	0
pos20	5892	6376	1048576	0
pos20	6010	6410	1048576	0
pos20	6019	6336	1048576	0
pos20	6035	6247	1048576	0
pos20	6106	6334	1048576	0
pos20	6120	6432	1048576	0
pos20	6087	6170	1048576	0
pos20	5988	6053	1048576	0
pos20	6197	6228	1048576	0
pos20	5845	6284	1048576	0
pos21	6627	5983	1048576	0
pos21	6615	6078	1048576	0
pos21	6565	6177	1048576	0
pos21	6688	6176	1048576	0
pos21	6780	5965	1048576	0
pos21	6816	6002	1048576	0
pos21	6789	6091	1048576	0
pos21	6742	6202	1048576	0
pos21	6741	5869	1048576	0
pos21	6815	5886	1048576	0
pos21	6871	5928	1048576	0
pos21	6861	6051	1048576	0
pos22	4498	6937	1048576	0
pos22	3870	7301	1048576	0
pos22	3930	7288	1048576	0
pos22	4012	7274	1048576	0
pos22	3824	7232	1048576	0
pos22	3925	7220	1048576	0
pos22	4020	7192	1048576	0
pos22	3840	7162	1048576	0
pos22	3951	7171	1048576	0
pos22	4027	7143	1048576	0
pos22	4109	7176	1048576	0
pos22	4080	7110	1048576	0
pos23	6563	7419	1048576	0
pos23	6533	7322	1048576	0
pos23	6552	7262	1048576	0
pos23	6664	7217	1048576	0
pos23	6679	7319	1048576	0
pos23	6670	7423	1048576	0
pos23	6783	7399	1048576	0
pos23	6778	7336	1048576	0
pos23	6801	7232	1048576	0
pos23	6879	7336	1048576	0
pos23	6643	7169	1048576	0
pos23	6938	7252	1048576	0
boss	2254	2189	1048576	0
boss	4222	1428	1048576	0
boss	7086	1502	1048576	0
boss	6362	4176	1048576	0
boss	5749	5767	1048576	0
boss	6642	6141	1048576	0
boss	3722	6318	1048576	0
chuangsong	1554	933	1048576	0
